Acc_X,Acc_Y,Acc_Z,Gyr_X,Gyr_Y,Gyr_Z,Label
0.258667,0.042419434000000006,-0.023376465,34.366413,1.0610687,-2.7862597,13
0.24090576,0.034240723,0.0,27.564885999999998,-1.70229,2.9389312000000003,13
0.23425293,0.043823242000000005,-0.018798828,21.068703,-3.8778627,7.19084,13
0.25354004,0.050476074,0.0024414061999999998,22.969465,-4.847328,11.381680000000001,13
0.24383545,0.043640137,-0.023010253999999997,26.961832,-3.946565,18.748089999999998,13
0.24102783,0.047851562,-0.013427733999999998,27.557251,-5.5725193,19.030535,13
0.2600708,0.04510498,-0.006652831999999999,30.786259,-6.763358599999999,20.595419,13
0.25860596,0.035217285,-0.021728516,25.320610000000002,-9.152672,20.236639999999998,13
0.25720215,0.033569336,0.0079956055,15.419847500000001,-10.511451,13.755725,13
0.23651123,0.033935547,-0.010498047,6.0992365,-13.083969,8.496183,13
0.22900389999999998,0.041503906,-0.024230957,5.7862597000000004,-8.969465,2.778626,13
0.23559570000000005,0.04260254,-0.0064086914,11.267176,-3.9160306000000005,0.67175573,13
0.22290039,0.04827881,-0.00970459,25.08397,1.8167938999999997,6.7709923,13
0.22796631,0.059387207000000004,-0.0028076171999999997,44.809162,8.671756,10.022901,13
0.25897217,0.048950195,-0.010986328,59.335876,14.625955,12.427481,13
0.26971436,0.046142578,-0.004699707,68.52672,16.267176,14.129771,13
0.25958252,0.044006348,-0.008911133,62.28244399999999,17.458015,5.8320612999999994,13
0.25183105,0.025512695,-0.0178833,53.0229,15.679389000000002,-4.5496182,13
0.23541260000000003,0.035095215,-0.013549805,44.694656,13.847328,-12.80916,13
0.24407959,0.0390625,-0.024475097999999997,41.129771999999996,15.358779,-18.480917,13
0.23309326,0.030761719,-0.016845703,42.412212,16.923664000000002,-20.717558,13
0.24023438,0.045288086,-0.033325195,48.862595,19.832062,-25.076335999999998,13
0.23980713,0.040161132999999995,-0.054382324,64.87786,21.801527,-20.51145,13
0.2548828,0.03955078,-0.046813965,77.175575,21.51145,-14.519084,13
0.2602539,0.030639648,-0.053100586,84.32061,17.832062,-7.3587785000000006,13
0.24047852,0.016540527,-0.031311035,82.229004,14.770992000000001,1.3740458,13
0.21826172,0.016967773000000002,-0.025695799999999998,70.67175,10.534351,7.068702,13
0.23822021,0.008911133,-0.027709961,55.435116,9.0992365,10.007633,13
0.23150635,0.022155762000000002,-0.0072631836,40.53435,5.9923663000000005,14.549619,13
0.23132324,0.03253174,-0.017211914,28.755726,6.4198474999999995,15.045801,13
0.22027588,0.04626465,-0.016723633,17.954199,8.671756,19.229008,13
0.22119139999999998,0.050048828,-0.004638672,15.305344,10.297709,20.57252,13
0.23596191,0.037963867000000005,-0.010498047,14.137404,16.022902,20.908398000000002,13
0.25286865,0.054992676,0.021850586,21.06107,19.57252,22.450382,13
0.293396,0.05029297,0.00024414060000000002,30.0,23.564885999999998,23.312977,13
0.32025146,0.038391113,0.015380858999999998,33.25954,26.221375,21.320610000000002,13
0.32305908,0.05255127,-0.0064697266000000005,35.755726,23.809160000000002,17.244274,13
0.34729004,0.050598145,-0.0031738281,42.656490000000005,15.305344,10.206107000000001,13
0.3453369,0.060302734000000004,0.008972168,55.320609999999995,4.5496182,-0.43511450000000007,13
0.2588501,0.05126953,-0.005432129,68.45038000000001,-15.763359,-28.648854999999998,13
0.23602295,0.03479004,-0.0026855469,61.572517000000005,-23.114504,-52.358779999999996,13
0.26013184,0.02368164,-0.0015258789000000001,52.755726,-28.274809,-72.07633,13
0.26208496,0.033691406,-0.008178711,44.23664,-31.343512,-75.63359,13
0.2592163,0.03100586,0.017333984,27.89313,-35.343509999999995,-70.67175,13
0.25,0.029785156,0.0087890625,9.19084,-38.10687,-70.16794,13
0.23449707,0.031188965,0.02923584,-2.534351,-36.328243,-70.43511,13
0.21606445,0.034484863,0.010498047,-5.10687,-29.854961,-75.73283,13
0.19616699,0.04345703,0.009765625,-0.3740458,-26.312977000000004,-73.9313,13
0.19482422,0.04046631,0.01763916,16.61832,-18.145039,-67.00764000000001,13
0.19854736,0.033081055,0.007385254,30.93893,-14.083969,-57.106869999999994,13
0.18554688,0.029846191,0.03161621,30.725191,-7.412214,-47.572517,13
0.19439697,0.036010742000000005,0.037902832000000004,27.70229,5.4198474999999995,-30.290077,13
0.21081543,0.024780273,0.0025024414000000004,25.91603,16.358778,-12.717557000000001,13
0.24420166,0.039367676000000004,0.008544922,25.08397,26.801527,9.419847500000001,13
0.27246094,0.035827637,0.02154541,24.045801,32.305344,37.23664,13
0.28515625,0.027648926,-0.0067749023,18.717558,35.374046,61.48855,13
0.30822754,0.031555176000000004,0.0040893555,14.671756,35.198475,78.57252,13
0.41125488,0.029052734,0.030761719,9.946565,42.656490000000005,99.58015400000001,13
0.39440918,0.024108887000000002,0.0067749023,-1.3053435,36.389313,103.9542,13
0.2935791,0.03564453,-0.0423584,-20.656488,16.961832,98.59541999999999,13
0.23425293,0.013183594,-0.03387451,-54.900764,6.7557254,52.572517000000005,13
0.20135498,0.006652831999999999,-0.03186035,-89.73283,-3.70229,22.946566,13
0.2142334,0.034240723,-0.018371582,-101.0,-9.091603,-6.6412214999999994,13
0.22125244,0.04937744,-0.01727295,-84.9542,-15.839695,-31.08397,13
0.22918701,0.029785156,-0.020019531,-63.81679499999999,-20.068703,-38.335876,13
0.23632812,0.029296875,-0.018249512,-55.664124,-20.885496,-39.15267,13
0.20489502,0.043518065999999994,-0.008422852,-56.55725,-17.12977,-22.732824,13
0.19696045,0.04663086,-0.022644043,-55.137405,-11.320611,-9.557252,13
0.16467285,0.041381836,-0.007385254,-47.84733,-3.4809160000000006,10.549619,13
0.19323729999999997,0.059448242000000005,-0.017456055,-28.625953999999997,5.6793895,30.969465000000003,13
0.21343994,0.047546387,-0.022094727,6.8549619999999996,13.725191,47.48855,13
0.22528076,0.050048828,-0.004333496,42.25954,20.526718,53.755726,13
0.25451660000000004,0.04095459,-0.030883789,47.9771,21.931297,53.450382,13
0.25408936,0.033081055,-0.024597168,33.08397,24.267176,48.10687,13
0.24859619,0.027404785,-0.033813477,15.114504,24.419847,28.480916999999998,13
0.25976562,0.030151367000000002,-0.03765869,-3.7480917000000002,29.10687,16.885496,13
0.2911377,0.053527832000000004,-0.048217773,1.3816794,33.068703,12.022901,13
0.29315186,0.04058838,-0.042785645,20.977098,31.358778000000004,11.404580000000001,13
0.269104,0.025268555,-0.020080566,14.022901000000001,28.450382,9.946565,13
0.2980957,0.022888184,-0.014709473,-8.053435,31.969465000000003,10.106871,13
0.36523438,0.033691406,-0.018066406,-12.106871,26.725191,16.519083,13
0.29022217,0.04437256,-0.026000977,2.2748091,10.267176,15.587786999999999,13
0.24389648,0.041320800000000005,-0.010192871,-3.3358779999999997,-4.7251905999999995,-3.40458,13
0.28594970000000003,0.047790527,0.010864258,3.7404580000000003,-10.167939,-18.480917,13
0.35089109999999996,0.024353027000000003,0.025024414,21.08397,-18.534351,-34.44275,13
0.33642578,0.022033691,0.043273926,25.862595000000002,-29.877863,-48.76336,13
0.28875732,0.0115356445,0.05987549,8.984733,-38.625954,-66.58778000000001,13
0.2515869,-0.0099487305,0.019042969,-19.366413,-36.801525,-84.76335999999999,13
0.22705078,0.0016479492000000002,0.029724121000000003,-32.984734,-27.977097999999998,-95.87786,13
0.20678711,0.02368164,0.03375244,-26.007633,-23.282442,-92.72519,13
0.20465088,0.03161621,0.0,-3.1068702,-20.778625,-79.23664000000001,13
0.1987915,0.024841309,0.005065918,33.251907,-21.251910000000002,-60.458015,13
0.1986084,0.010559082,0.011474608999999998,51.129771999999996,-19.137404999999998,-49.160305,13
0.23822021,0.009765625,-0.019836426,53.091602,-16.305344,-37.412212,13
0.27447509999999997,0.00012207030000000001,0.011169433999999999,45.17557,-15.816792999999999,-30.412214000000002,13
0.28527832,-0.003112793,0.027038574,32.015266,-14.396947,-16.145039,13
0.3079834,-0.0038452148,0.025756836,14.076335999999998,-10.572519,-5.7480917,13
0.3303833,0.0010375977,0.02178955,-2.9694657,-7.541984599999999,6.763358599999999,13
0.34405518,0.000793457,0.035827637,-30.816793,-4.557252,11.274809,13
0.35668945,-0.0052490233999999995,0.03253174,-65.51145,-5.221374,18.717558,13
0.34277344,-0.008178711,0.041992188,-105.9542,-1.9541985,21.778625,13
0.34375,0.01574707,0.044799805,-124.908394,2.6335877999999995,31.290077,13
0.32043457,0.01550293,0.035949707000000004,-120.221375,8.175572,41.694656,13
0.24871826,0.03491211,0.023864746000000003,-106.53435,13.78626,47.419846,13
0.23101807,0.03479004,0.01763916,-81.65649,20.610687,53.664124,13
0.25219727,0.030944824,0.018432617,-46.14504,22.824427,53.870228000000004,13
0.2658081,0.016601562,0.015563965,-24.526718,25.519083,43.923664,13
0.26953125,0.009643555,0.011962891000000002,-30.175572999999996,19.435114000000002,41.137405,13
0.24700928,0.0095825195,0.021240234,-48.091602,15.648855,31.977097999999998,13
0.22753906,0.014282227,-0.019958496000000003,-67.10687,9.908397,23.404581,13
0.20184326,0.00982666,-0.033508300000000005,-84.824425,10.106871,9.091603,13
0.16394043,0.014770508,-0.03253174,-90.44275,6.114504,2.6259542000000002,13
0.17114258,0.038269042999999996,-0.025512695,-70.65649,0.06870229,-2.6641220000000003,13
0.15734863,0.034973145,-0.032287598,-51.91603,-4.8320612999999994,-5.412214,13
0.15350342,0.019470215,-0.034973145,-38.671757,-3.9007633000000004,-9.816792999999999,13
0.16986084,0.028381347999999997,-0.03338623,-29.885496000000003,-4.10687,-11.389313000000001,13
0.18572998,0.02532959,-0.047180176,-23.480917,-2.3358779999999997,-8.061069,13
0.20709229,0.030578612999999998,-0.04901123,-23.816793,-0.36641222,-4.343511599999999,13
0.20330810000000002,0.020996094,-0.030517577999999997,-31.0,0.40458015,3.0992367,13
0.22436523,0.030700684,-0.027770996000000003,-36.656490000000005,6.847328,5.664122,13
0.25073242,0.03161621,-0.03363037,-38.595420000000004,13.022901,10.916031,13
0.2904663,0.04522705,-0.016906738,-42.709922999999996,17.419847,13.496182999999998,13
0.27655029999999997,0.028564452999999997,-0.008972168,-51.702290000000005,17.38168,15.175572,13
0.28356934,0.045837402,-0.030090332,-58.633587,23.068703,5.480916000000001,13
0.34832764,0.048461914,-0.019104003999999997,-40.755726,20.595419,10.732824,13
0.33288574,0.051940917999999996,-0.052001953,-11.145039,2.816794,1.259542,13
0.25646973,0.04626465,-0.010986328,-1.1984733,-22.358778,-10.564885,13
0.29187012,0.01965332,-0.010437011999999999,-19.274809,-20.08397,-49.656490000000005,13
0.34161377,0.023254395,-0.010620117,-20.374046,-29.641221999999996,-59.610687,13
0.33489990000000003,0.040161132999999995,-0.016052246000000003,-17.267176,-38.717556,-78.74809,13
0.30078125,0.007507324,-0.009094238000000001,-21.91603,-60.32824300000001,-87.503815,13
0.22595215,0.006164551,-0.036865234,-36.274809999999995,-58.564884,-107.70992,13
0.20397949,0.007385254,-0.04107666,-49.82443,-57.297709999999995,-115.41221999999999,13
0.19116211,0.0034179688000000002,-0.03253174,-58.587788,-55.580154,-116.908394,13
0.16284179999999998,0.0015258789000000001,-0.04272461,-51.687022999999996,-53.893130000000006,-106.94656,13
0.10717773400000001,0.009765625,-0.070251465,-14.885496,-45.267174,-81.30534,13
0.13665771,0.019470215,-0.047607422,21.404581,-27.48855,-32.770992,13
0.20080566,0.020202637,-0.041809082000000004,54.045803,-14.625955,23.251910000000002,13
0.28271484,0.016845703,-0.0099487305,78.381676,6.2824425999999995,68.92367,13
0.36608887,0.0036010741999999997,0.008605957,75.27481,17.549618,110.58015400000001,13
0.44610596,0.020935059,0.09844971,25.679389999999998,27.0,120.0458,13
0.45471190000000006,0.012145996000000001,0.062561035,-24.198473,37.381679999999996,100.35114,13
0.42041016,0.051086426,0.06970215,-24.274809,41.15267,92.58778000000001,13
0.35540770000000005,0.054016113,0.08099365,-5.183206,45.328243,69.33588,13
0.31085205,0.046936035,0.07122803,19.610687,49.076336,52.564884,13
0.27056885,-0.00793457,0.017944336,4.2977099999999995,41.816795,18.480917,13
0.17883301,0.0009155273,-0.038269042999999996,-44.10687,21.87023,-5.1221375,13
0.11785889,-0.008178711,-0.06408691400000001,-70.24428,7.221374000000001,-8.007633,13
0.22528076,0.023376465,-0.09533691400000001,-72.96183,-4.190840000000001,5.1297708,13
0.3451538,0.026977539,-0.09661865,-51.954197,-5.053435299999999,-2.6641220000000003,13
0.5012207000000001,0.03918457,-0.11975098,-8.496183,-14.167939000000002,9.419847500000001,13
0.51397705,0.036071777,-0.12628174,22.946566,-30.519083000000002,8.969465,13
0.42767334,0.11999512,-0.09289551,100.74045600000001,-38.595420000000004,42.603054,13
0.37609863,0.09124756,-0.09997558599999999,174.56488000000002,-21.656488,46.908398,13
0.27044678,0.07861328,-0.110839844,176.0458,-7.5114503,20.38168,13
0.16479492,0.029052734,-0.08093262,82.94655999999999,-4.0305343,-9.114504,13
0.061706542999999996,0.058898926,-0.08795166,-21.549618,-16.984734,-16.198473,13
0.03149414,0.06854248,-0.10461426,-39.839695,-22.717558,-22.137404999999998,13
0.030517577999999997,0.03503418,-0.1182251,-56.038166000000004,-21.06107,-37.053436,13
0.035583496,0.007629394499999999,-0.09204101599999999,-81.96183,-28.053434000000003,-38.206109999999995,13
0.05657959,0.074279785,-0.08630371,-30.198473,-33.625954,-36.76336,13
0.15032959,0.05505371,-0.046203613,46.274809999999995,-20.343512,-44.687022999999996,13
0.19177246,0.011474608999999998,-0.038513184,78.79389,-9.076336,-33.10687,13
0.24053955,0.0053710938,-0.06109619,78.47328,-5.343511599999999,-9.328244,13
0.36486816,0.015136719,-0.045654297,98.87786,33.900764,20.374046,13
0.87750244,0.05407715,0.028625487999999998,79.25191,67.33588,72.137405,13
0.6566162,0.07824707,0.11364746,44.366413,-68.76335999999999,-4.076336,13
0.4602661,-0.045776367000000005,0.18957520000000003,57.587788,-100.69466,-51.038166,13
0.46624756,0.022644043,0.10498047,61.50382,-103.74045600000001,-73.778625,13
0.29956055,0.04156494,-0.002319336,71.25191,-92.84733,-57.099236,13
0.16015625,-0.032348632999999995,0.04248047,16.900763,-57.290077000000004,-48.221375,13
0.06311035,-0.017822266,0.050109863,-72.58778000000001,-22.656488,-16.297710000000002,13
-0.020202637,-0.016723633,0.08825683599999999,-104.96947,22.580153,17.183207,13
-0.014160156,-0.0032958984000000004,-0.007080078,-94.900764,44.08397,30.709923,13
0.0138549805,-0.032592773,0.010437011999999999,-107.23664,48.351147,55.84733000000001,13
0.016906738,-0.019897461,-0.013061523,-149.1145,49.137405,49.381679999999996,13
0.10083008,-0.029418945,-0.029724121000000003,-121.68701999999999,82.74809,65.62595,13
0.25671387,-0.036010742000000005,-0.020019531,-99.67175,116.770996,91.33588,13
0.46649170000000006,-0.024291992000000002,-0.109436035,-119.71756,107.183205,93.73283,13
0.8897705,-0.04498291,0.06719971,-181.0458,208.2061,-16.824427,13
0.41265870000000004,0.09625244,-0.08422851599999999,-35.732826,1.2977100000000001,14.954199,13
0.4013672,0.1381836,-0.08514404,51.694656,-5.9160304,-62.732826,13
0.35510254,0.056762695,-0.12176514,114.61068999999999,-9.0992365,-42.427483,13
0.19769287,0.034179688,-0.15057373,78.69466,-8.755725,-45.801525,13
0.07678223,0.09057617,-0.14666748,-11.709924,-20.160304999999997,-0.33587787,13
0.07611084,0.07788086,-0.13153076,-44.51145,-36.137405,-19.206106,13
0.11932373,0.07360839999999999,-0.12402344,-5.961832,-34.473279999999995,-19.900763,13
0.079589844,0.05102539,-0.09802246,39.23664,-44.946564,-27.57252,13
0.11755371,0.035705566,-0.03302002,58.17556999999999,-48.55725,-39.862595,13
0.21734619,0.040100098,-0.02545166,95.53435,-43.641220000000004,-28.145039,13
0.23822021,0.029724121000000003,-0.038269042999999996,120.58015400000001,-45.55725,-40.320609999999995,13
0.26428223,0.017822266,-0.012268066000000001,128.45801,-48.351147,-36.908398,13
0.3534546,0.051452637,-0.03540039,156.82443,-29.206106,3.2519082999999998,13
0.5031738,0.0006103516000000001,-0.03161621,158.70228999999998,-20.458015,50.137405,13
0.45178223,-0.02130127,0.0014038085999999999,49.08397,-9.656488000000001,51.091602,13
0.34521484,0.005676269499999999,0.10656738,-66.26717,22.412214000000002,28.442749,13
0.30407715,-0.0004882813,0.11883545,-67.27481,62.40458,43.114502,13
0.27288818,0.050476074,0.19488525,-80.78626,70.44275,74.51145,13
0.1796875,-0.029846191,0.3764038,-204.67175,153.41985,46.931297,13
0.17456055,-0.012207031,0.20336914,-190.01527,187.9771,40.038166,13
0.14459229,-0.028442382999999998,0.09936523400000001,-86.45038000000001,179.18321,67.62595,13
0.07556152,-0.082214355,0.07525635,-83.20611,188.41985,14.175572,13
0.1262207,-0.040771484,0.028259277000000003,-95.52672,148.08397,32.91603,13
0.32281494,0.004272461,-0.009155273,-43.244274,137.8855,83.58015400000001,13
0.38183594,-0.01928711,-0.013305663999999998,21.0,129.41985,42.44275,13
0.56170654,-0.08898926,0.014953613000000001,-6.343511599999999,126.70228999999999,24.328245000000003,13
0.47888184,-0.054260254,-0.0769043,-118.0458,90.541985,-4.778626,13
0.383667,0.027709961,-0.11743164,-45.656490000000005,53.87786,-7.3129773,13
0.40039062,0.0034790040000000004,-0.09533691400000001,58.16030500000001,23.625954,7.740458,13
0.3671875,0.004699707,-0.08190918,119.61068999999999,-12.78626,40.839695,13
0.30828857,0.020568848,-0.024108887000000002,127.824425,-46.045803,46.870228000000004,13
0.25,-0.014953613000000001,0.014770508,36.053436,-68.36641,52.62595400000001,13
0.19232178,0.029785156,-0.06451416,-85.12977,-90.145035,23.832062,13
0.13928223,0.06188965,-0.08111572,-87.42748,-93.20611,-6.923664,13
0.11077881,0.064575195,-0.11352539,-58.48855,-100.39695,-67.221375,13
0.10443115,0.0390625,-0.07220459,-63.114502,-106.32825,-110.64121999999999,13
0.18206787,0.038269042999999996,0.0025634766,-98.46565,-113.69466000000001,-144.70993,13
0.19226074,0.05529785,0.037719727,-91.65649,-117.76336,-177.96947,13
0.25097656,0.06597900400000001,0.0075683593999999995,-4.3206105,-113.51145,-177.68703,13
0.33618164,0.03186035,-0.021972656,102.175575,-107.66412,-153.66412,13
0.47814940000000006,-0.013061523,0.028991700000000002,168.64885,-108.31298000000001,-97.30534,13
0.6605835,-0.08605957,0.16607666,153.21375,-110.43511000000001,12.893129,13
0.48016357,-0.12878418,0.30090332,-45.251907,-138.24428,-1.9160305,13
0.37182617,-0.06085205,0.26531982,-179.58778,-48.839695,-25.274809,13
0.32916259999999997,-0.058776855,0.16986084,-98.64121999999999,21.641222,20.030535,13
0.24340820000000005,-0.014953613000000001,0.10327148400000001,63.267174,60.53435,56.954197,13
0.20257568,-0.044311523,0.10534668,114.58778000000001,80.96183,65.0687,13
0.13067627,-0.09448242,0.13824463,67.48092,90.32825,45.427483,13
0.09295654,-0.06469726599999999,0.07580566400000001,-11.045800999999999,66.05344000000001,32.961834,13
0.18133545,-0.043762207000000004,0.09442139,-114.816795,68.32825,48.53435,13
0.22808838,-0.032104492000000005,0.05224609400000001,-184.06107,85.29771,30.877863,13
0.29943848,-0.0006103516000000001,-0.024047852,-185.70993,69.9313,39.53435,13
0.33337402,-0.020935059,0.037353516,-155.58015,45.267174,34.984734,13
0.2588501,0.0021972656,0.01763916,-118.28244,29.557251,7.5648856,13
0.22332764,0.0154418945,-0.006042480500000001,-79.59541999999999,22.89313,4.5343513,13
0.22857666,-0.018310547,-0.049682617000000005,-38.198475,23.763360000000002,-0.114503816,13
0.18139648,-0.03753662,-0.026550293,-19.839695000000003,17.656488,-8.312977,13
0.11437988,-0.051696777,-0.02319336,-79.87786,15.580152499999999,-10.931297,13
0.10168457,-0.03466797,-0.03161621,-157.67175,7.5725193,9.21374,13
0.09655762,-0.0021362305,-0.047973632999999995,-174.03816,6.70229,17.534351,13
0.09967041,0.021362305,-0.03955078,-156.57253,2.5801528,22.564885999999998,13
0.13232422,0.035949707000000004,-0.027770996000000003,-114.43511000000001,3.3053436,35.755726,13
0.15905762,0.05810547,-0.053466797,-52.44275,4.8015265,48.053436,13
0.17126465,0.057983400000000004,-0.06335449,-14.748092000000002,7.412214,47.725190000000005,13
0.19812012,0.046875,-0.05230713,-4.2519083,4.9923663000000005,44.908398,13
0.2756958,0.039733887,-0.051696777,-0.5496183000000001,7.0,34.374046,13
0.34429932,0.020202637,-0.023803711,-16.122137,3.6564887,9.572519,13
0.31732178,0.0008544922000000001,-0.014282227,-60.732826,-1.0763359,-30.206106,13
0.28100586,0.0064697266000000005,-0.07189941400000001,-80.31298000000001,-4.5496182,-67.98473,13
0.3723755,0.03668213,-0.070495605,-46.206109999999995,-9.541985,-76.74045600000001,13
0.4194335999999999,0.011108398,-0.011779785,-16.839695000000003,-39.709922999999996,-98.183205,13
0.29150390000000004,-0.008300781,0.016540527,-27.847328000000005,-80.33588,-126.52672,13
0.2543335,-0.007019043000000001,-0.026794434,-49.84733,-72.27481,-139.80153,13
0.29229736,0.007019043000000001,-0.037597656,-32.282444,-66.27481,-132.80916000000002,13
0.29223633,0.013793945,-0.04095459,8.167939,-66.091606,-133.03816,13
0.3151245,0.008728027,-0.020202637,42.190838,-69.89313,-115.0229,13
0.34545898,0.008728027,0.0051879883,49.82443,-78.21374,-88.824425,13
0.30560303,-0.013244628999999999,-0.0004882813,37.870228000000004,-81.68701999999999,-75.8855,13
0.26306152,-0.032287598,0.020874023000000002,-3.2900763,-65.76335999999999,-82.65649,13
0.22680664,-0.043151855,-0.009216309,-49.198475,-36.664124,-76.35878000000001,13
0.17260742,-0.026733398,-0.10992432,-35.946564,-19.824427,-56.633587,13
0.11328125,0.007446289,-0.09631348,20.717558,-12.328244,-31.641221999999996,13
0.13879395,0.0067749023,-0.09851074,61.900764,-3.5038167999999996,10.442748,13
0.14581299,-0.0073242188,-0.09857178,78.41984599999999,-5.5648856,42.809162,13
0.16113281,-0.0031738281,-0.07733154,78.25191,-4.8625956,64.9542,13
0.19116211,-0.025024414,-0.03503418,34.206109999999995,-5.3893127,84.58778000000001,13
0.24047852,-0.019714355,-0.0037231445,-44.381679999999996,-7.0534353,94.496185,13
0.27667236,-0.007873535,-0.008728027,-126.38931000000001,-5.7709923,82.51145,13
0.3013916,-0.011291503999999999,-0.024353027000000003,-182.1374,-10.526717,49.931297,13
0.33526609999999996,0.004638672,-0.0095825195,-212.90076000000002,-6.366412,15.167939000000002,13
0.4005127,0.028442382999999998,0.0178833,-237.98472999999998,-2.0992367,1.5496184,13
0.38183594,0.045043945,0.027648926,-245.9313,10.603053,-2.6183207000000004,13
0.33929443,0.07708739999999999,-0.06970215,-203.56488000000002,10.931297,16.435114000000002,13
0.26153564,0.07769775400000001,-0.09509277,-122.80153,-6.4198474999999995,41.366413,13
0.18292236,0.053466797,-0.081970215,-74.29008,-20.946566,27.57252,13
0.15887451,0.019104003999999997,-0.07611084,-70.84733,-20.541985,19.709923,13
0.17871094,0.016235351999999998,-0.060424805,-73.78626,-18.335878,17.358778,13
0.18310547,0.032470703,-0.0071411133,-102.51908,-15.801526999999998,18.229008,13
0.19189453,0.030151367000000002,-0.009338379,-161.38931000000002,-12.496183,30.25191,13
0.19610596,0.06378174,-0.0020751953,-205.0229,-7.2519083,37.954197,13
0.19995117,0.107910156,-0.015258788999999998,-194.12978,-1.1297709999999999,44.587788,13
0.21228027,0.12615967,-0.03137207,-132.41222,8.450381,57.312977000000004,13
0.22430419999999998,0.13317871,-0.05078125,-52.099236,15.641221,67.618324,13
0.24047852,0.08905029,-0.043701172,-8.603053,18.465649,64.73283,13
0.23822021,0.07171631,-0.033813477,-1.70229,24.816793,50.007633,13
0.26739502,0.05596924,-0.021728516,-12.671756,32.328243,23.725191,13
0.30999756,0.05206299,-0.029418945,-32.984734,37.114502,8.862596,13
0.29034424,0.05432129,-0.06542969,-46.755726,35.473279999999995,-8.839694999999999,13
0.37408447,0.036071777,-0.027893066,-58.87786,32.595420000000004,-12.694656,13
0.39904785,0.040405273,-0.016845703,-75.42748,14.78626,-15.328244,13
0.26116943,0.059692382999999995,-0.059448242000000005,-65.35878000000001,-11.511451,-22.580153,13
0.22503662,0.058288574,-0.09362793,-36.770992,-23.91603,-36.06107,13
0.31243896,0.02947998,-0.08270264,-11.282442999999999,-32.320609999999995,-47.85496,13
0.29693604,0.008911133,-0.06829834,-15.106871,-52.190838,-57.335876,13
0.25946045,-0.0006713867,-0.06854248,-52.679390000000005,-68.67175,-68.12977,13
0.2576294,0.0034179688000000002,-0.093811035,-89.39695,-78.39695,-82.64121999999999,13
0.26312256,0.013061523,-0.08251953,-87.61069,-80.08397,-94.16031,13
0.25115967,0.029541016,-0.08630371,-69.58778000000001,-83.58778000000001,-95.34351,13
0.21765137,0.028137207,-0.07409668,-40.603054,-93.07633,-80.19847,13
0.19525146,0.026855469,-0.07458496,-3.3358779999999997,-93.29771,-56.900764,13
0.15844727,0.0041503906,-0.06317139,31.48855,-80.43511,-32.85496,13
0.1317749,-0.020446777,-0.03540039,39.946564,-50.55725,9.679389,13
0.16589355,-0.045532227,-0.019348145,18.030535,-28.465649,56.190838,13
0.20550537,-0.009887695,-0.008239746,-28.312977000000004,-14.816792999999999,97.39695,13
0.28344727,0.012756348,0.050231934000000006,-63.580154,-1.389313,128.51908999999998,13
0.3347168,0.0078125,0.12036133,-123.92367,10.045800999999999,135.90076000000002,13
0.3828125,0.027038574,0.15307617,-142.30534,22.541985,122.03053,13
0.39611816,0.0038452148,0.16394043,-80.56489,29.328245000000003,105.64886000000001,13
0.31274414,-0.026428222999999997,0.20104979999999997,-52.21374,45.839695,55.908398,13
0.28936768,-0.009338379,0.19268799,-60.580154,67.10687,52.564884,13
0.33947754,-0.0037841796999999997,0.14752197,-98.816795,89.24428,37.618320000000004,13
0.31921387,0.02532959,0.10076904,-132.64122,115.74808999999999,36.74046,13
0.32836914,0.03527832,0.022338867000000002,-137.32825,130.22899999999998,63.053436,13
0.4006958,0.06561279,-0.04522705,-100.51908,128.59541000000002,105.29008,13
0.41699220000000004,0.0357666,-0.08258057,-91.55725,139.43511999999998,120.79388999999999,13
0.45452879999999996,0.07171631,-0.07287598,-132.03053,95.27481,141.61068999999998,13
0.41564940000000006,0.107910156,-0.0345459,-183.07634,58.16030500000001,97.0458,13
0.39404297,0.13031006,-0.061523438,-213.69466,21.290077,35.83206,13
0.31610107,0.20062256,-0.07220459,-197.66412,10.862596,-28.473282,13
0.21514893,0.2904663,-0.12640381,-99.64886,-10.335877,-53.809162,13
0.09033203,0.28070068,-0.1907959,-20.435114000000002,-29.305344,-66.32061,13
-0.058166504,0.22674560000000002,-0.14562988,-34.885498,-38.625954,-104.58015400000001,13
-0.026672362999999998,0.22692871,-0.16143799,-54.59542,-47.564884,-141.2519,13
0.18481445,0.23480225,-0.18151855,-28.885496000000003,-66.770996,-177.80916000000002,13
0.26678467,0.23272705,-0.10888672,37.679390000000005,-70.908394,-194.27481,13
0.36364746,0.16534424,-0.13391113,80.46565,-61.114502,-199.74046,13
0.5919800000000001,0.09576416,-0.09259033,120.58015400000001,-100.58778000000001,-158.87022,13
0.78430176,0.00793457,0.0053100586,104.59541999999999,-136.06107,-165.17557,13
0.66619873,0.012756348,0.008666992,75.57252,-161.71756000000002,-156.64885,13
0.58258057,0.007690429699999999,-0.034240723,112.96183,-137.22899999999998,-111.57252,13
0.44354248,-0.06652832,0.08123779,121.56488999999999,-87.541985,-77.137405,13
0.29071045,-0.115112305,0.10961914,39.687022999999996,-15.267176000000001,-45.870228000000004,13
0.24188232,-0.004699707,0.015319824,31.564885999999998,32.862595,44.78626,13
0.1942749,-0.016601562,0.09075928,54.69465600000001,61.541985,65.89313,13
0.17901611,-0.054016113,0.12902832,27.992366999999998,79.74809,47.541985,13
0.15435791,-0.04119873,0.09387207,10.21374,76.42748,95.091606,13
0.12213135,-0.043945312,0.10455322,-5.526717700000001,64.19847,91.36641,13
0.093688965,-0.04626465,0.12573242,-39.732826,61.419846,72.0687,13
0.19433594,-0.016967773000000002,0.08666992,-90.64121999999999,73.59541999999999,106.9771,13
0.27593994,0.020812988,0.04901123,-117.50381499999999,90.44275,122.938934,13
0.35571290000000005,0.043701172,-0.009277344,-113.89313,109.091606,117.26717,13
0.5195923,0.051940917999999996,-0.097595215,-79.84733,108.19847,100.55725,13
0.59265137,0.09869385,-0.15283203,-23.404581,81.03053,77.503815,13
0.48553467,0.1104126,-0.13964844,41.045803,11.893129,29.755726,13
0.368042,0.1026001,-0.10577392599999999,6.1374044,6.7709923,-12.251908,13
0.20782470000000003,0.13293457,-0.21978760000000003,-2.5954200000000003,1.8549619,-7.900763499999999,13
0.12756348,0.18469238,-0.23724365,46.328243,17.671754999999997,-7.10687,13
0.12066650400000001,0.13623047,-0.18103027,89.32825,9.78626,-8.488549,13
0.09527588,0.103393555,-0.0803833,70.496185,-20.366413,-46.496179999999995,13
0.09417724599999999,0.068237305,-0.11993408,36.816795,-28.832062,-50.82443,13
0.08862305,0.041809082000000004,-0.11358642599999999,7.7862597000000004,-38.641220000000004,-55.87786,13
0.1303711,0.05633545,-0.10925293,-17.251910000000002,-46.908398,-62.587788,13
0.1673584,0.03656006,-0.07611084,-19.648854999999998,-46.53435,-63.12214,13
0.28466797,0.04852295,-0.12860107,-12.633588,-60.610687,-58.351147,13
0.3236084,0.025817871000000003,-0.08087158,-7.5114503,-62.702290000000005,-60.44275,13
0.36218262,0.022705077999999997,-0.036315917999999996,11.419847500000001,-70.03053,-36.229008,13
0.54541016,0.017822266,-0.022827148,20.87023,-65.03053,3.6106870000000004,13
0.583374,0.023071289,0.022216797000000003,36.46565,-90.0687,22.351145000000002,13
0.458313,-0.04260254,0.1083374,23.053434,-108.03817,-14.488548999999999,13
0.35168457,-0.12658691,0.14184570000000002,-76.37405,-79.12977,10.106871,13
0.2800293,-0.06213379,0.09649658,-133.10687,-30.343512,45.25954,13
0.184021,0.019958496000000003,0.11950683599999999,-85.73283,14.2213745,77.30534,13
0.15441895,-0.026000977,0.13256836,27.610687,50.862595,75.29008,13
0.17340088,-0.062194824,0.14367676,69.8855,66.03053,65.87023,13
0.13024902,-0.05493164,0.11431885,5.3587785000000006,61.49618,50.78626,13
0.083862305,-0.04168701,0.095214844,-80.83969,52.76336,32.076336,13
0.16021729,-0.019592285,0.07141113,-103.84733,63.35878,32.412212,13
0.18530273,0.009216309,0.03656006,-117.83968999999999,74.00764000000001,37.694656,13
0.23999023,0.04663086,0.020446777,-110.92367,81.99235999999999,52.10687,13
0.3081665,0.033813477,0.0037231445,-91.778625,89.63359,54.030533,13
0.36669922,0.026000977,0.009521484,-45.312977000000004,97.19084000000001,64.51908,13
0.44396973,0.009155273,-0.011352538999999998,-18.122137,110.229004,62.47328,13
0.5274048000000001,-0.008972168,-0.02508545,-6.763358599999999,99.35878000000001,84.0458,13
0.44805908,-0.005676269499999999,-0.023132324,-19.923664000000002,74.0,59.702290000000005,13
0.47186279999999997,-0.043518065999999994,-0.09765625,-53.587788,61.900764,52.519085,13
0.3137207,-0.010314941,-0.09118652,-135.28243999999998,61.343509999999995,29.38168,13
0.26190186,0.047546387,-0.030334472999999997,-113.24428,15.534351000000001,47.412212,13
0.18627929999999998,0.05322265599999999,-0.024047852,-59.702290000000005,3.3740457999999998,19.175573,13
0.11669922,0.04840088,-0.034057617000000005,-1.0229008,-11.587786999999999,-3.3358779999999997,13
0.08032226599999999,0.031066895,-0.1015625,15.770992000000001,-21.801527,-41.618320000000004,13
0.15307617,0.02331543,-0.057983400000000004,0.03816794,-24.091601999999998,-36.923664,13
0.21679688,0.034240723,-0.029907227,-7.236641400000001,-33.580154,-35.702290000000005,13
0.23571777,0.04333496,-0.011413574,7.0,-55.46565,-38.038166,13
0.27105713,0.055419922,0.016174316,42.007633,-74.9771,-50.648853,13
0.3106079,0.017822266,0.0154418945,60.32824300000001,-93.83206,-69.35114,13
0.30963135,-0.014282227,0.049438477,52.67175699999999,-107.36641000000002,-89.38931,13
0.22851562,-0.04559326,0.060913086,17.908398000000002,-104.63359,-103.00764000000001,13
0.20648193,-0.05615234400000001,0.037841797,-23.862595000000002,-94.42748,-106.41984599999999,13
0.1640625,-0.04736328,0.029785156,-54.40458,-85.31298000000001,-103.618324,13
0.15747070000000002,-0.017456055,0.027648926,-74.28244000000001,-71.36641,-95.25191,13
0.15118408,-0.001953125,0.018066406,-57.55725,-56.40458,-76.23664000000001,13
0.16693115,0.00024414060000000002,0.016235351999999998,-12.312977,-46.778625,-62.55725,13
0.17480469,-0.006652831999999999,0.011291503999999999,23.022902,-40.55725,-57.969467,13
0.15777588,-0.051696777,0.012756348,36.625954,-33.267174,-53.12214,13
0.19207764,-0.05596924,-0.0014648438,23.137404999999998,-25.526718,-45.984734,13
0.22515869,-0.06005859400000001,0.0025024414000000004,-9.633588,-14.671756,-27.671754999999997,13
0.26190186,-0.025695799999999998,-0.0010986328,-34.793890000000005,-6.480916000000001,-11.129771,13
0.30975342,-0.018371582,-0.0034179688000000002,-42.549618,2.9312978,4.557252,13
0.37890625,-0.012084961000000002,0.025146484,-47.526720000000005,12.832061,12.938931,13
0.3805542,0.006591797,0.011230469,-58.87786,18.809160000000002,29.816793,13
0.36303709999999995,0.009155273,0.023132324,-68.15267,34.17557,46.030533,13
0.37030029999999997,0.012573242,0.012390136999999999,-70.43511,54.12214,72.091606,13
0.36865234,0.021484375,-0.0049438477,-63.129771999999996,63.862595,101.175575,13
0.2949829,0.03881836,-0.04626465,-45.885498,64.381676,115.00764,13
0.22827148,0.046081542999999996,-0.030578612999999998,-30.442749,54.755726,111.32061000000002,13
0.20965576,0.037231445,-0.061157227,-15.473282999999999,50.358779999999996,99.12214,13
0.26287842,0.018371582,-0.03552246,-10.580152499999999,42.870228000000004,75.25191,13
0.22882080000000002,-0.002319336,-0.043029785,-45.48855,27.206106,38.687022999999996,13
0.19366455,-0.022827148,-0.026306152000000003,-102.618324,11.709924,-0.41984734,13
0.18804932,-0.020751953,-0.025939941,-177.10687,4.0305343,-27.557251,13
0.1687622,-0.055725098,-0.06365967,-250.1374,-1.2977100000000001,-45.137405,13
0.1428833,0.004028320300000001,-0.012084961000000002,-250.1374,-0.9160305000000001,-45.595420000000004,13
0.12689209,0.1281128,-0.038330078,-250.1374,-5.8625956,-34.549618,13
0.1282959,0.13775635,-0.056884765999999996,-170.39694,-2.221374,9.984733,13
0.1687622,0.11364746,-0.041259766,-47.801525,-3.5267177000000003,61.137405,13
0.18572998,0.11187744,-0.05834961,43.84733,5.4961834000000005,98.58015400000001,13
0.24438477,0.08508301,-0.04699707,116.900764,11.503817,126.69466000000001,13
0.309021,0.056396484000000004,-0.015319824,125.80916,22.984734,127.51145,13
0.3435669,0.0234375,-0.024169922000000003,81.778625,27.755726,111.45801499999999,13
0.3577881,-0.006225586,-0.0024414061999999998,-2.6793892,31.152671999999995,56.870228000000004,13
0.33343506,0.014892578,-0.03253174,-80.778625,26.61832,-14.671756,13
0.37084959999999995,0.012573242,-0.043640137,-96.19847,20.633587,-60.809162,13
0.35021973,0.035888672,-0.054138184000000006,-70.29771,6.0610685,-98.25191,13
0.29888916,0.05731201,-0.07312012,-30.19084,-22.839695000000003,-115.08397,13
0.28021240000000003,0.057434082000000004,-0.06713867,10.770992,-33.839695,-122.96947,13
0.28997803,0.025390625,-0.042541504,37.9771,-47.068703,-118.58778000000001,13
0.28100586,0.0051879883,-0.033935547,47.541985,-56.923664,-104.05344000000001,13
0.24261475,-0.009460449000000001,-0.02545166,46.16794,-67.8855,-89.63359,13
0.20111084,-0.014831543,-0.05529785,14.694656,-75.20611,-84.32061,13
0.17889404,-0.015563965,-0.054626465,-21.244274,-66.16794,-78.63359,13
0.1763916,-0.018310547,-0.04058838,-30.778625,-55.603054,-63.396946,13
0.19384766,0.012023926,-0.024291992000000002,-18.0,-44.305344,-40.320609999999995,13
0.20587158,0.029052734,-0.041992188,4.2061067,-32.381679999999996,-15.7786255,13
0.20855713,0.01373291,-0.020019531,40.885498,-23.175573,2.053435,13
0.23944092,-0.013244628999999999,-0.0015258789000000001,67.35114,-12.770992,10.839694999999999,13
0.29290770000000005,-0.010925293,0.01928711,67.30534,-6.59542,21.496183,13
0.33148193,-0.019165039,0.022949219,42.320609999999995,-2.312977,33.44275,13
0.30505370000000004,-0.029296875,0.010803223,0.19847329,-3.221374,38.274809999999995,13
0.26776123,-0.016906738,0.02960205,-38.755726,-0.58778626,38.931297,13
0.33947754,-0.013793945,0.04321289,-72.71755999999999,16.099237,44.381679999999996,13
0.31506348,0.010131836,0.011474608999999998,-100.45038000000001,29.61832,52.53435,13
0.2994995,0.04473877,-0.0072631836,-88.74809,36.984734,68.12214,13
0.27722168,0.0546875,-0.015319824,-46.748093,34.458015,66.24428,13
0.2166748,0.018371582,-0.026916503999999997,-20.946566,21.961832,43.53435,13
0.2154541,-0.018188476999999998,-0.03930664,-14.877863,21.42748,24.312977,13
0.17889404,-0.018249512,-0.058410645,-28.221375,17.832062,-2.0839694,13
0.12860107,-0.03338623,-0.057556152,-55.51145,16.236639999999998,-4.3587785000000006,13
0.12384033,-0.0053710938,-0.052001953,-77.8855,18.717558,11.832061,13
0.18463135,0.0345459,-0.07727051,-69.72519,21.244274,49.82443,13
0.21405029999999997,0.061401367000000005,-0.066345215,-20.137404999999998,23.480917,72.137405,13
0.20489502,0.04925537,-0.07733154,29.671754999999997,22.633587,80.0,13
0.24145508,0.015991211,-0.0715332,49.793890000000005,22.587785999999998,71.900764,13
0.2567749,0.0053100586,-0.061340332000000004,34.564884,22.877863,53.274809999999995,13
0.28973390000000004,-0.009155273,-0.05230713,-4.3053436,24.717558,22.137404999999998,13
0.28863525,0.0043945312,-0.047851562,-46.221375,21.419847,-7.59542,13
0.28936768,0.016845703,-0.051879882999999995,-64.54961999999999,18.625954,-24.725191,13
0.28173828,0.02545166,-0.051330565999999994,-67.175575,19.152672,-46.496179999999995,13
0.39257812,0.024719237999999998,-0.043151855,-59.12214,17.229008,-37.038166,13
0.4000244,0.01159668,-0.05517578,-44.450382,-3.870229,-37.694656,13
0.26062012,0.010559082,-0.06329346,-44.358779999999996,-31.038168,-41.473279999999995,13
0.2526245,0.014709473,-0.0546875,-44.46565,-38.206109999999995,-54.312977000000004,13
0.26879883,-0.0028076171999999997,-0.04449463,-44.770992,-42.129771999999996,-67.92367,13
0.24481201,-0.007873535,-0.06579589999999999,-58.312977000000004,-46.809162,-80.45038000000001,13
0.20495605,0.0036010741999999997,-0.06292724599999999,-56.519085,-52.427483,-88.1145,13
0.18389893,-0.011352538999999998,-0.07263183599999999,-21.786259,-46.839695,-92.137405,13
0.1819458,-0.028930664,-0.08227539,18.91603,-36.503820000000005,-81.145035,13
0.20135498,-0.020629883,-0.06939697,30.76336,-33.526720000000005,-56.687022999999996,13
0.20935059,-0.027526855,-0.05712890599999999,28.725191,-27.854961,-30.931296999999997,13
0.23773193,-0.024108887000000002,-0.05493164,27.900763,-28.206106,2.1145039,13
0.27746582,-0.020812988,-0.0032348633000000003,25.908398000000002,-22.160304999999997,21.099237,13
0.29833984,-0.030395507999999998,0.020690918,7.862595599999999,-18.045801,30.603053999999997,13
0.31610107,-0.03277588,0.040283203,-30.12977,-6.7328243,40.198475,13
0.3151245,-0.041015625,0.025695799999999998,-80.38931,0.57251906,45.08397,13
0.30419922,-0.008422852,0.011413574,-116.41221999999999,7.557252,52.381679999999996,13
0.34521484,0.0006713867,0.08001709,-146.31297,29.29771,71.854965,13
0.38116455,0.04638672,0.054138184000000006,-151.82443,44.83206,93.061066,13
0.27368164,0.07476807,-0.013549805,-87.63359,50.969467,100.9771,13
0.256958,0.08502197,-0.027526855,-8.732824,54.435116,96.58778000000001,13
0.272583,0.055419922,-0.049865723,52.76336,50.206109999999995,74.58015400000001,13
0.25201416,0.015991211,-0.07501221,77.60305,37.198475,32.908398,13
0.16461182,-0.014709473,-0.08825683599999999,62.068703,22.603054,0.5038168,13
0.12689209,-0.020263672,-0.10809326,32.16794,17.297710000000002,-5.6793895,13
0.15118408,-0.024291992000000002,-0.10180664,-13.160305,15.442748000000002,0.08396947,13
0.171875,-0.010864258,-0.10089111,-43.969467,13.7786255,27.229008,13
0.21099854,0.021911621000000003,-0.081970215,-31.76336,8.030535,46.320609999999995,13
0.22467041,0.026611327999999997,-0.0690918,-0.8549618,2.389313,50.503820000000005,13
0.25390625,0.0025634766,-0.07098389,6.557252,-1.0076336,39.16794,13
0.27667236,0.00579834,-0.06896973,-14.175572,-0.9694656999999999,22.007633,13
0.30444336,0.0041503906,-0.059631348,-44.76336,4.4885497,-5.9694657,13
0.27520752,0.024047852,-0.030273438,-62.16794,0.16793893,-23.351145000000002,13
0.26953125,0.026794434,-0.06005859400000001,-62.748093000000004,3.3587787000000002,-36.679390000000005,13
0.35443115,0.042236328,-0.06402588,-32.76336,5.8244276,-30.23664,13
0.43084717,0.0647583,-0.05480957,10.381680000000001,-6.7251906,-21.229008,13
0.34118652,0.06945801,-0.0025634766,30.48855,-42.480915,-16.297710000000002,13
0.3157959,0.03387451,-0.016845703,26.396946000000003,-43.618320000000004,-30.404581,13
0.32196045,0.012756348,-0.02142334,18.290077,-51.206109999999995,-51.312977000000004,13
0.256958,-0.0048217773,-0.03668213,-12.419847500000001,-54.71755600000001,-82.36641,13
0.1921997,0.005554199,-0.058898926,-59.114502,-59.396946,-101.70992,13
0.1605835,0.022155762000000002,-0.06683349599999999,-51.839695,-61.450382,-113.24428,13
0.18511963,0.025146484,-0.047912598,-3.3740457999999998,-48.17557,-116.66412,13
0.16137695,0.013183594,-0.010253906,39.190838,-36.48855,-104.76335999999999,13
0.14770508,-0.030151367000000002,-0.025878906,60.61832,-20.526718,-81.12214,13
0.15234375,-0.04510498,-0.05999756,78.175575,-4.183206,-48.44275,13
0.20605469,-0.01361084,-0.042114257999999995,102.8855,3.870229,-1.8931297999999999,13
0.26550293,-0.024047852,-0.0045166016,109.908394,9.709924,33.694656,13
0.31243896,-0.010681152,0.029785156,87.35878000000001,8.145039,61.709922999999996,13
0.3204956,-0.016967773000000002,0.053588867000000005,50.89313,3.8244274,80.52672,13
0.27111816,-0.03894043,0.04876709,-7.7480917,8.007633,55.0,13
0.35705566,-0.06756592,0.06866455,-104.41984599999999,24.122137,34.816795,13
0.34295654,-0.02545166,0.043762207000000004,-197.03053,39.358779999999996,23.038168,13
0.27789307,0.027832031,-0.04663086,-215.55725,40.305344,32.610687,13
0.30584717,0.05834961,0.014770508,-193.75572,41.641220000000004,28.549618,13
0.28155518,0.053894042999999996,-0.01574707,-133.38931000000002,36.473279999999995,29.19084,13
0.22509766,0.046325684000000006,-0.087402344,-30.717558,32.068703,14.893129,13
0.15124512,0.011962891000000002,-0.10675049,61.992367,24.374046,-3.2366412,13
0.1328125,-0.037597656,-0.060791015999999996,58.862595,17.732824,-10.267176,13
0.11590576,-0.052368164,-0.04949951,-21.122137,16.992367,12.358779,13
0.15051270000000003,-0.00030517580000000003,-0.05114746,-72.07633,20.305344,47.687022999999996,13
0.18951416,0.041381836,-0.057922363,-57.587788,25.946566,66.84733,13
0.21734619,0.071777344,-0.06085205,-1.8244275,30.48855,72.16794,13
0.23815918,0.047851562,-0.05255127,45.580154,35.46565,80.25954399999999,13
0.28167725,0.04046631,-0.06481933599999999,63.51145,37.030533,78.96947,13
0.32659912,0.046569824,-0.05242919999999999,58.198475,41.17557,80.42748,13
0.34362793,0.026184082,-0.049804688,39.961834,36.709922999999996,64.87023,13
0.30780029999999997,0.05230713,-0.07104492,23.343512,34.778625,43.648853,13
0.45800779999999996,0.034484863,-0.06390381,27.786259,31.053434000000003,26.06107,13
0.46087646,0.034057617000000005,-0.040039062,12.625955000000001,-5.2824425999999995,7.0,13
0.30065918,0.038269042999999996,-0.045837402,-17.564885999999998,-34.480915,-29.335878000000005,13
0.29022217,0.04095459,-0.031982422,-31.786259,-43.0,-58.28244399999999,13
0.25109863,0.016723633,-0.05609131,-29.74809,-48.862595,-95.80153,13
0.25317383,0.017456055,-0.028625487999999998,-47.076336,-58.083969999999994,-124.64121999999999,13
0.21405029999999997,0.018859863,-0.018920898000000002,-60.961833999999996,-66.98473,-144.45038,13
0.18151855,0.012145996000000001,-0.023620605,-44.778625,-63.76336,-151.70993,13
0.1751709,0.03515625,-0.041381836,2.4503817999999997,-54.251906999999996,-151.16794,13
0.17218018,0.019104003999999997,-0.01763916,48.748093,-41.89313,-138.54199,13
0.1675415,-0.025878906,-0.030883789,65.1145,-31.824427000000004,-119.32825,13
0.18377686,-0.021728516,-0.024902344,60.007633,-20.06107,-65.73283,13
0.24816895,0.0067749023,0.00030517580000000003,67.32825,-10.480916,-25.564885999999998,13
0.32019043,-0.014587402,0.02911377,68.10687,-9.030535,1.4122137,13
0.32958984,-0.03112793,0.03869629,38.320609999999995,-10.603053,31.412214000000002,13
0.29138184,-0.038879395,0.03729248,-7.137404400000001,-9.152672,28.198473,13
0.31207275,-0.026611327999999997,0.051635742000000005,-55.603054,16.389313,30.564885999999998,13
0.34558105,-0.027038574,0.034484863,-103.66412,36.717556,44.625954,13
0.25378418,0.021850586,-0.012756348,-97.381676,56.64122,55.274809999999995,13
0.30871582,0.043945312,-0.0017089844000000001,-49.473279999999995,71.74045600000001,75.24428,13
0.29022217,0.022644043,-0.015258788999999998,-0.4427481,69.55725,77.854965,13
0.24621582,0.02734375,-0.012939453,24.763360000000002,64.74045600000001,69.98473,13
0.22229004,0.0063476562,-0.027893066,26.984734000000003,52.267174,56.251906999999996,13
0.17407227,0.002380371,-0.032958984,22.725191,41.25954,44.007633,13
0.17901611,0.0029296875,-0.053833007999999995,-1.259542,34.160305,35.595420000000004,13
0.1729126,0.02911377,-0.04522705,-30.206106,31.503816999999998,39.725190000000005,13
0.18395996,0.048583984000000004,-0.070373535,-26.664121999999995,32.206109999999995,53.0229,13
0.19708252,0.049133300000000005,-0.105651855,-0.96183205,30.282442,54.580154,13
0.23413086,0.06347656,-0.07244873,11.618319999999999,30.526718,59.251906999999996,13
0.2786255,0.06701660000000001,-0.050598145,-0.55725193,33.328243,56.610687,13
0.32006836,0.09466553,-0.04559326,-21.641222,26.541984999999997,53.53435,13
0.28118896,0.11785889,-0.07940674,-19.358778,19.816793,36.496179999999995,13
0.31176758,0.12774658,-0.061706542999999996,15.61832,17.221375,5.7938933,13
0.47485352,0.10021973,-0.0071411133,44.076336,-1.7709924,-36.25954,13
0.35961914,0.096191406,-0.021362305,42.732826,-45.74046,-60.312977000000004,13
0.27581787,0.06365967,-0.05255127,47.274809999999995,-56.44275,-104.05344000000001,13
0.37774658,0.056884765999999996,0.003967285,51.610687,-65.29008,-123.45038000000001,13
0.3579712,0.03869629,0.0014038085999999999,54.885498,-80.1145,-122.80153,13
0.27880859999999996,0.034240723,0.0037841796999999997,47.809162,-92.60305,-133.23665,13
0.22900389999999998,0.022827148,-0.018981934,28.38168,-96.862595,-142.08397,13
0.19647217,0.026550293,-0.021606445,21.992367,-90.778625,-147.19847,13
0.19866943,0.034362792999999996,-0.0043945312,35.137405,-79.64886,-144.42747,13
0.20544434,0.034851073999999996,0.012329102,56.916030000000006,-71.94655999999999,-123.53435,13
0.20672607,0.014831543,0.041503906,106.57252,-53.51145,-95.16794,13
0.26141357,-0.023010253999999997,0.05279541,131.15266,-26.190839999999998,-60.47328,13
0.3154297,-0.044006348,0.03466797,137.83969,2.7557251,-1.0687023,13
0.34918213,-0.051940917999999996,0.0501709,129.56488000000002,19.358778,57.77099200000001,13
0.3112793,-0.06890869,0.12561035,58.679390000000005,38.198475,84.816795,13
0.33294678,-0.06488037,0.16436768,-16.847328,60.25954,97.67939,13
0.2960205,-0.045715332000000004,0.18322754,-47.82443,96.87786,110.47328,13
0.3297119,-0.0053100586,0.11279297,-54.351147,121.65648999999999,132.0,13
0.25506592,-0.037902832000000004,0.12963867,-104.58778000000001,132.72519,98.8855,13
0.25958252,-0.059570312,0.09283447,-156.81679,162.9313,93.78626,13
0.5336304000000001,0.035827637,-0.026306152000000003,-95.76335999999999,173.81679,142.84734,13
0.5761719,0.0015258789000000001,-0.12615967,39.206109999999995,177.98473,171.12978,13
0.64849854,0.09240723,-0.19384766,66.76335999999999,150.28243999999998,172.30534,13
0.54052734,0.07659912,-0.17871094,62.366413,111.46565,71.43511,13
0.54571533,0.039733887,-0.2064209,82.89313,55.83969499999999,47.25954,13
0.46862793,0.030212402000000003,-0.22961426,8.557252,18.732824,38.992367,13
0.1708374,0.10375976599999999,-0.2640381,-53.28244399999999,-14.0,3.7862597,13
0.08953857400000001,0.17730713,-0.18841553,-13.740458499999999,-49.129771999999996,-3.778626,13
0.06286621,0.11303711,-0.19049072,26.740458,-67.091606,-33.78626,13
0.052490234000000004,0.106933594,-0.16949463,44.954197,-79.824425,-55.900764,13
0.10125732400000001,0.11022949,-0.10852051,53.343509999999995,-97.03817,-70.71755999999999,13
0.22741699,0.080566406,-0.06329346,48.114502,-118.824425,-58.343509999999995,13
0.21600342,0.028625487999999998,-0.063964844,39.450382,-126.57252,-89.67939,13
0.27972412,0.039489746,-0.020263672,64.59541999999999,-129.58778,-77.778625,13
0.35583496,0.032592773,-0.009460449000000001,98.21374,-135.07634,-74.41221999999999,13
0.42590332,-0.031066895,0.0154418945,96.83206,-143.51144,-58.59542,13
0.5147705,-0.0390625,0.07232666,51.198475,-136.32825,-17.045801,13
0.5031127999999999,-0.06842041,0.09674072,-42.389313,-100.03817,-23.931297,13
0.47094727,-0.06072998,0.12945557,-35.526720000000005,-67.39695,3.1908397999999996,13
0.36871338,-0.06481933599999999,0.17559814,22.251910000000002,-32.221375,10.442748,13
0.2876587,-0.06988525400000001,0.20605469,36.519085,16.274809,23.480917,13
0.18951416,-0.09027099599999999,0.19482422,19.977098,60.954197,23.549618,13
0.10186767599999999,-0.07775879,0.18878174,-5.366412,89.41221999999999,19.48855,13
0.07281494,-0.09265137,0.1381836,-31.08397,92.57252,34.648853,13
0.047851562,-0.059936523,0.11047363,-50.900764,112.32061000000002,42.450382,13
0.17950439999999998,-0.047912598,0.045837402,-21.183207,125.12213999999999,66.36641,13
0.21386719,-0.061584473,0.07824707,-29.08397,129.75572,63.84733000000001,13
0.27172852,-0.054992676,0.06933594,-96.67939,140.54962,55.946564,13
0.39837646,-0.083496094,-0.032958984,-93.51145,146.31297,68.541985,13
0.4524536,-0.07067871,-0.05847168,-35.17557,155.05344,58.083969999999994,13
0.45977783,-0.05682373,-0.04425049,-3.076336,125.53435,70.19847,13
0.46936035,0.060302734000000004,-0.12432861,24.664122,126.29008,90.44275,13
0.52874756,0.08685303,-0.22052002,102.67175,87.56489,49.458015,13
0.41784668,0.014221191000000001,-0.17999268,55.572517000000005,25.51145,-4.6106873,13
0.30963135,0.07336426,-0.23876953,-40.84733,-9.564885,-58.67175699999999,13
0.31005859999999996,0.08355713,-0.21368408,-26.595419,-49.076336,-51.351147,13
0.16748047,0.101745605,-0.18109131,8.908397,-79.24428,-72.16794,13
0.12207031,0.06530762,-0.12432861,26.23664,-113.64886000000001,-98.76335999999999,13
0.15814209,0.08795166,-0.08581543,40.244274,-124.74808999999999,-84.74809,13
0.27392578,0.058654785,-0.020996094,3.6259542000000002,-151.83969,-107.75572,13
0.28948975,0.081970215,0.022583007999999998,4.9541984,-155.10687,-83.938934,13
0.30572509999999997,0.10357666,0.05114746,39.160305,-146.1145,-80.83206,13
0.38519287,0.049926757999999995,0.05883789,27.389313,-135.70228999999998,-121.52672,13
0.51171875,0.007507324,0.047058105,-32.91603,-115.10687,-129.87022,13
0.5018921,-0.00970459,0.11456299,-54.099236,-84.854965,-144.74046,13
0.489563,-0.07672119,0.08935547,-21.89313,-95.816795,-122.0458,13
0.37780762,-0.09405517599999999,0.07312012,31.687022999999996,-59.67175699999999,-74.9313,13
0.29211426,-0.09136963,0.07086182,70.63359,-21.122137,-29.923664000000002,13
0.19915771,-0.121032715,0.0960083,68.57252,15.755725,-4.946564700000001,13
0.11199951,-0.11370849599999999,0.13122559,62.549618,45.664124,16.122137,13
0.10101318,-0.10217285,0.103515625,90.96947,71.37405,56.572517000000005,13
0.09466553,-0.10583496,0.10430908,90.58778000000001,78.89313,74.854965,13
0.11877441400000001,-0.10101318,0.14227295,8.770992,85.48855,58.17556999999999,13
0.12042236,-0.09851074,0.11804199,-83.74809,103.03817,74.58015400000001,13
0.22497559,-0.05242919999999999,0.06481933599999999,-99.08397,106.0,92.03817,13
0.24334717,-0.041381836,0.045654297,-111.84733,112.51908,94.35878000000001,13
0.26715088,-0.06347656,0.010864258,-150.38931000000002,108.48092,76.31298000000001,13
0.31994629999999996,-0.024475097999999997,-0.0012207030999999999,-150.58778,104.19847,81.099236,13
0.41662598,0.011169433999999999,-0.023010253999999997,-81.10687,94.9313,104.78626,13
0.50213623,0.010070800999999999,0.0154418945,-1.8167938999999997,95.64886,111.74808999999999,13
0.5531005999999999,0.017456055,-0.013427733999999998,20.526718,102.1145,92.938934,13
0.51135254,0.037597656,0.0020751953,37.671757,77.32825,86.83206,13
0.47729492,0.057250977,-0.013671875,68.87786,60.49618,52.793890000000005,13
0.3770752,0.046936035,-0.105407715,112.92367,58.603054,23.42748,13
0.24877929999999995,0.052124023,-0.10510254,146.0229,42.862595,12.633588,13
0.22821045,0.034973145,-0.10223389,107.29008,10.145039,21.786259,13
0.11010742,0.04547119,-0.115112305,39.16794,-19.190839999999998,2.961832,13
0.024108887000000002,0.04833984400000001,-0.10632324,-35.954197,-34.625954,-30.480916999999998,13
0.09851074,0.031311035,-0.06701660000000001,-72.25191,-38.702290000000005,-32.15267,13
0.1449585,0.04663086,-0.030883789,-60.664124,-53.22900799999999,-50.87786,13
0.16595459,0.036193848,0.008728027,-19.190839999999998,-60.59542,-65.34351,13
0.17797852,0.014587402,0.016418457,21.61832,-60.50382,-73.83969,13
0.23077393,0.022583007999999998,-0.022033691,32.778625,-59.343509999999995,-70.9542,13
0.39086914,0.01727295,-0.02734375,38.068703,-74.908394,-53.732826,13
0.5175781,-0.058898926,0.057800292999999996,-18.465649,-80.12977,-59.480915,13
0.4295044,-0.05230713,0.11993408,-65.1145,-121.71756,-79.83969,13
0.51171875,0.0034790040000000004,0.2076416,14.694656,-107.59541999999999,-46.992367,13
0.43298339999999996,-0.09564209,0.2571411,113.50381499999999,-100.10687,-59.931297,13
0.21966553,-0.1149292,0.24822998,109.9542,-40.687022999999996,-53.106869999999994,13
0.12078857400000001,-0.07482910000000001,0.1843872,22.61832,13.488548999999999,-6.656488400000001,13
0.118652344,-0.07073974599999999,0.15148926,-5.557252,54.15266999999999,31.068703000000003,13
0.13031006,-0.07635498,0.080078125,5.8320612999999994,82.9542,46.618320000000004,13
0.12719727,-0.041625977,0.042419434000000006,-7.70229,95.28244000000001,54.427482999999995,13
0.08166504,-0.036193848,-0.05316162,-28.832062,93.73283,64.23664000000001,13
0.15899658,-0.007751465,0.036743164,-52.961833999999996,85.496185,72.03817,13
0.21777344,-0.010192871,0.023071289,-92.35114,74.0458,58.015266000000004,13
0.2562256,0.0034179688000000002,-0.026428222999999997,-74.99235999999999,49.21374,69.37405,13
0.26586914,-0.0021972656,-0.009277344,-70.74045600000001,35.045803,49.419846,13
0.28564453,0.013183594,0.0049438477,-103.52672,27.335878000000005,30.396946000000003,13
0.31854248,0.0028076171999999997,-0.01184082,-127.30533999999999,25.778625,-1.221374,13
0.32177734,-0.022827148,-0.05859375,-118.938934,12.832061,-39.12214,13
0.20648193,-0.026611327999999997,-0.08001709,-125.1145,-3.8473281999999998,-66.26717,13
0.11370849599999999,-0.0008544922000000001,-0.0993042,-140.2519,-21.42748,-64.79389,13
0.099487305,0.016479492,-0.07727051,-108.24428,-19.167938,-36.305344,13
0.11627197,0.020568848,-0.07733154,-34.038166,-9.801527,-11.274809,13
0.16760254,0.0038452148,-0.017456055,11.175572,-0.9389313,10.748092,13
0.22753906,-0.0032958984000000004,-0.026062012000000002,30.160304999999997,5.366412,38.374046,13
0.25561523,0.020202637,-0.036315917999999996,50.541985,4.931298,49.450382,13
0.24676514,0.014892578,-0.024902344,60.419846,0.28244275,46.519085,13
0.23443604,-0.0005493164,-0.029418945,61.85496,2.4351146,26.450382,13
0.26898193,-0.0045776367,-0.008178711,44.450382,5.6183205,18.595419,13
0.28533936,0.024658202999999997,-0.017456055,21.435114000000002,10.152672,4.8320612999999994,13
0.30737305,0.055664062,-0.018981934,12.007633,11.801527,-6.526717700000001,13
0.37353516,0.05706787,-0.026611327999999997,19.503817,4.0610685,-16.267176,13
0.4440918,0.054626465,-0.018249512,35.06107,-13.679389000000002,-26.389313,13
0.4192505,0.044616699999999995,-0.012573242,41.9771,-37.53435,-54.068703,13
0.3232422,0.0078125,0.031188965,29.29771,-71.37405,-88.099236,13
0.2623291,0.0022583008,-0.0048828125,34.137405,-77.145035,-119.50381499999999,13
0.28588867,-0.0115356445,-0.028259277000000003,30.19084,-79.0687,-146.82443,13
0.29974365,-0.023620605,-0.004638672,-13.946565,-84.56489,-155.07634,13
0.29296875,-0.01361084,0.0134887695,-50.549618,-86.938934,-156.56488000000002,13
0.25811768,-0.002319336,0.0,-32.992367,-85.39695,-155.91603,13
0.23419189999999998,-0.013122558999999999,-0.012878418,11.870229,-76.51145,-129.70993,13
0.1920166,-0.0056152343999999995,-0.026123047000000003,45.87786,-65.15267,-98.64121999999999,13
0.17962646,-0.010131836,-0.043395996,58.44275,-54.435116,-65.32825,13
0.17358398,-0.027709961,-0.03778076,61.702290000000005,-51.381679999999996,-41.82443,13
0.18066406,-0.021057128999999997,-0.023132324,61.755726,-46.351147,-24.580153,13
0.19799805,-0.029785156,-0.005004883,44.656490000000005,-39.404579999999996,-15.748092000000002,13
0.22009277,-0.0041503906,0.0015258789000000001,19.679389999999998,-31.877863,-10.832061,13
0.25305176,0.0015258789000000001,0.03289795,-9.770992,-18.06107,-4.7099237,13
0.27587890000000004,-0.0072631836,0.026184082,-47.198475,-8.19084,12.419847500000001,13
0.30401609999999996,0.019897461,0.018310547,-76.71755999999999,3.0229008,33.427483,13
0.30737305,0.026123047000000003,0.03765869,-92.00764000000001,20.992367,55.129771999999996,13
0.37536620000000004,0.021606445,0.05987549,-113.03053,46.389313,94.76335999999999,13
0.36035156,0.027832031,0.047607422,-128.39694,72.816795,123.73283,13
0.28027344,0.059204099999999996,0.00579834,-120.54198500000001,88.03053,150.77100000000002,13
0.28100586,0.07574463,-0.02960205,-87.12214,94.618324,171.22137,13
0.30194092,0.06744385,-0.013183594,-34.427483,91.74809,179.0687,13
0.29272459999999995,0.052978515999999996,-0.005676269499999999,10.381680000000001,75.221375,158.0229,13
0.26507568,0.03668213,0.012634277,23.954199,59.076336,118.80916,13
0.22766113,0.035949707000000004,-0.005554199,27.389313,49.389313,80.05344000000001,13
0.2154541,-0.001953125,-0.0036621094,12.832061,49.53435,38.0,13
0.21191406,-0.0007324219,-0.006164551,-31.80916,44.473279999999995,22.664122,13
0.20294189999999998,0.021911621000000003,-0.030761719,-72.37405,37.251907,12.862596,13
0.21362305,0.030883789,-0.044677734000000004,-84.061066,30.984734000000003,5.625954,13
0.24621582,0.04095459,-0.046875,-71.618324,26.022902,-1.0229008,13
0.24841309,0.051635742000000005,-0.036132812,-34.961834,26.923664000000002,3.6412212999999998,13
0.27301025,0.052124023,-0.05694580000000001,4.740458,32.9771,13.297709,13
0.32495117,0.057861328,-0.039245605,29.045801,36.274809999999995,30.80916,13
0.30065918,0.061340332000000004,-0.028625487999999998,39.687022999999996,39.381679999999996,32.045803,13
0.3079834,0.064453125,-0.035827637,39.656490000000005,42.625954,31.900763,13
0.32391357,0.06542969,-0.030883789,40.778625,39.396946,29.877863,13
0.34881592,0.060913086,-0.06365967,49.14504,18.984734,15.977098999999999,13
0.27770996,0.06512451,-0.06347656,55.580154,-16.091601999999998,-6.526717700000001,13
0.22888184,0.06024169999999999,-0.058044434000000006,58.679390000000005,-59.450382,-45.671757,13
0.2588501,0.007446289,-0.011047363000000001,51.931297,-83.221375,-85.48855,13
0.30706787,-0.001159668,0.038513184,35.595420000000004,-102.938934,-110.30533999999999,13
0.3258667,-0.0048828125,0.012084961000000002,44.458015,-116.87023,-124.51145,13
0.4048462,0.015319824,-0.00042724610000000003,86.72519,-126.01527,-120.091606,13
0.49829102,-0.0016479492000000002,0.017211914,82.91603,-127.03817,-113.73283,13
0.53393555,0.055847167999999996,0.020874023000000002,81.175575,-144.52671999999998,-65.84733,13
0.5739746,0.09478760000000001,0.08111572,167.27481,-113.72519,-16.0,13
0.58154297,-0.005859375,0.14324951,187.27481,-79.74809,-9.549619,13
0.42401123,-0.04321289,0.16033936,125.57252,-63.77099200000001,-6.1603055,13
0.25982666,-0.07342529,0.09692383,65.36641,-38.419846,-26.755726,13
0.15716553,-0.0647583,0.08941650400000001,48.671757,-30.587785999999998,-29.80916,13
0.056884765999999996,-0.09423828,0.15759277,14.664123000000002,-7.6870227,-29.175572999999996,13
0.0071411133,-0.09967041,0.123168945,-13.854961,22.42748,-9.244275,13
0.08288574,-0.09332275400000001,0.11950683599999999,-24.603054,49.038166,29.832062,13
0.08752441400000001,-0.06402588,0.056396484000000004,-48.412212,73.42748,41.519085,13
0.15502929999999998,-0.053649902,0.05529785,-84.381676,82.43511,46.541985,13
0.1616211,-0.05114746,0.0024414061999999998,-96.32825,92.229004,59.312977000000004,13
0.23516846,-0.00970459,0.014465332,-97.099236,98.89313,68.9771,13
0.23657227,-0.028747559,0.018920898000000002,-84.48092,96.53435,63.46565,13
0.27667236,-0.030700684,0.04510498,-63.076336,81.64886,52.25954,13
0.29412842,-0.022338867000000002,0.012329102,-54.580154,95.92367,44.671757,13
0.4116210999999999,-0.048034667999999996,-0.00970459,-47.328243,109.85496499999999,47.473279999999995,13
0.48181152,-0.02154541,-0.0087890625,-42.16794,120.229004,44.183205,13
0.5078125,0.0048217773,-0.047912598,2.442748,125.33588,48.85496,13
0.5192260999999999,-0.0071411133,-0.0758667,68.778625,83.28244000000001,52.931297,13
0.41345215,-0.0064086914,-0.041259766,64.39695,49.160305,41.78626,13
0.32739258,-0.033081055,-0.022094727,18.557251,22.328245000000003,39.992367,13
0.22290039,-0.015197753999999999,-0.014465332,-35.946564,8.78626,16.931297,13
0.15618896,0.011230469,-0.07525635,-51.14504,3.4351146,11.519084,13
0.14959717,0.019165039,-0.08264160000000001,-50.87786,6.8320612999999994,-8.816792999999999,13
0.16601562,0.04321289,-0.078308105,-37.732826,-8.80916,-15.396947,13
0.19488525,0.047058105,-0.034118652,3.5801528,-27.25191,-17.91603,13
0.25408936,0.030944824,-0.028259277000000003,35.068703,-48.89313,-28.213741,13
0.25531006,0.008850098,-0.01953125,40.923664,-71.72519,-43.244274,13
0.27038574,0.005859375,0.016845703,29.267176,-91.00764000000001,-58.687022999999996,13
0.29852295,0.0022583008,0.018432617,17.022902,-104.35878000000001,-78.19084000000001,13
0.30883790000000005,-0.005126953,0.03955078,4.8778625,-112.01527,-95.07633,13
0.28424072,-0.0095825195,0.020874023000000002,7.7175574000000005,-117.91603,-92.36641,13
0.24725342,-0.005493164,-0.018981934,13.358779,-121.70992,-87.25954399999999,13
0.20635986,-0.012573242,0.0010986328,3.9923663,-125.03053,-83.98473,13
0.18353271,-0.014587402,0.029785156,-12.496183,-128.38168000000002,-78.34351,13
0.14007568,-0.020507812,0.017456055,-25.541985,-128.26718,-79.00764000000001,13
0.12664795,-0.02532959,0.021484375,-51.46565,-120.99236,-86.83969,13
0.14965820000000002,0.0048217773,0.018127441,-70.65649,-109.27481,-95.29771,13
0.15411377,0.008239746,0.019226074,-56.648853,-97.1145,-107.92367,13
0.16668701,0.016723633,-0.004638672,-17.114504,-77.43511,-102.183205,13
0.17260742,0.039001465,-0.0095825195,27.977097999999998,-58.320609999999995,-81.58778000000001,13
0.1586914,0.048950195,-0.0034790040000000004,74.618324,-38.900764,-56.984733999999996,13
0.1675415,0.04748535,0.004760742,118.80153,-11.0,-34.427483,13
0.17590332,0.026000977,0.005004883,145.12213,19.145039,-13.083969,13
0.19348145,0.0016479492000000002,0.002746582,125.49618500000001,50.84733,14.114504,13
0.21899414,-0.011413574,0.00579834,81.64121999999999,84.53435,51.755726,13
0.25708008,0.006958008000000001,-0.014099121000000001,29.641221999999996,110.64886000000001,88.20611,13
0.2942505,-0.011108398,-0.0009155273,-32.458015,131.46565,121.51145,13
0.34301758,-0.012634277,0.022338867000000002,-111.900764,145.33588,146.35878,13
0.40240479999999995,-0.018981934,0.0004882813,-189.67938,145.58778,167.72519,13
0.3873291,-0.008666992,0.016845703,-250.1374,122.900764,159.07634,13
0.29675293,0.04058838,0.0357666,-250.1374,85.31298000000001,119.60305,13
0.237854,0.07122803,-0.031433105,-250.1374,87.43511,84.92367,13
0.28692627,0.08508301,-0.05731201,-235.22137,77.07633,60.52672,13
0.28723145,0.08764648400000001,-0.06213379,-77.9542,65.503815,33.656490000000005,13
0.2966919,0.06774902,-0.038391113,51.679390000000005,58.366413,20.244274,13
0.26635742,0.04449463,-0.015991211,92.541985,46.015266,23.114504,13
0.24676514,0.029724121000000003,-0.03112793,84.63359,43.839695,36.374046,13
0.21759033,0.00970459,-0.0690918,70.75572,46.480915,44.053436,13
0.19952393,0.008178711,-0.10058594,57.320609999999995,53.091602,48.969467,13
0.23602295,0.0045776367,-0.0993042,41.160305,51.312977000000004,50.312977000000004,13
0.23297119,0.016357422,-0.10015869,19.053434,39.229008,52.12214,13
0.24359131,0.03253174,-0.10388183599999999,3.3358779999999997,28.862595000000002,54.18320500000001,13
0.25109863,0.0099487305,-0.09399414,-5.763358599999999,22.419847,56.87786,13
0.2814331,0.03918457,-0.081848145,-10.580152499999999,19.015266,55.30534399999999,13
0.2705078,0.051696777,-0.07763672,-14.129771,8.114504,44.290077000000004,13
0.3109131,0.058654785,-0.08941650400000001,-10.625955000000001,5.442748,29.557251,13
0.40490723,0.07904053,-0.07519531,9.2213745,-12.648855000000001,14.198473000000002,13
0.38763428,0.07781982400000001,-0.055664062,24.89313,-52.938930000000006,-14.656488000000001,13
0.31634520000000005,0.07293701,-0.052856445,27.167938,-80.12214,-56.748093000000004,13
0.305542,0.050231934000000006,-0.014404297,49.44275,-92.76335999999999,-101.9313,13
0.33740234,0.03704834,-0.035827637,72.73283,-105.64121999999999,-138.41222,13
0.38189697,0.006652831999999999,0.0126953125,65.381676,-120.03053,-168.41222,13
0.3843994,-0.003112793,0.019714355,35.51145,-140.61068999999998,-194.73282,13
0.36175537,0.0017700195,0.02935791,10.244275,-139.81679,-218.83969,13
0.32757568,-0.030761719,0.030029297000000003,-8.954199000000001,-131.82443,-235.49618999999998,13
0.28253174,-0.031799316,-0.0053710938,2.2442749,-117.67938999999998,-223.99237000000002,13
0.22045898,-0.016052246000000003,-0.018127441,28.412214000000002,-101.52672,-201.7481,13
0.16314697,-0.017333984,0.0036010741999999997,49.969467,-78.12977,-150.90076000000002,13
0.14581299,-0.01586914,0.002746582,62.938930000000006,-54.076336,-91.43511,13
0.19104004,-0.007507324,-0.000793457,72.74809,-31.145039,-33.503820000000005,13
0.22210693,-0.035888672,0.010864258,80.24428,-12.908397,1.7633588,13
0.27001953,-0.021057128999999997,0.029968262000000002,70.503815,0.5648854999999999,21.160304999999997,13
0.2526245,-0.05871582,0.027893066,27.923664000000002,9.19084,32.46565,13
0.23278809,-0.04321289,0.015258788999999998,-32.46565,18.641222,28.396946000000003,13
0.29736328,-0.01171875,0.04333496,-71.87023,40.969467,54.59542,13
0.3626709,0.00024414060000000002,0.04425049,-93.221375,70.175575,68.9771,13
0.3314209,0.018310547,-0.00970459,-81.29008,86.03817,94.79389,13
0.30426025,0.047973632999999995,-0.022033691,-43.664124,90.41221999999999,118.1145,13
0.26263428,0.04931640599999999,-0.03881836,-3.8549618999999997,86.96947,124.229004,13
0.24047852,0.032836914,-0.010070800999999999,12.770992,80.58778000000001,114.72519,13
0.24554443,0.011413574,0.0006103516000000001,8.229008,82.099236,97.45038000000001,13
0.2593994,0.013977051,-0.007080078,3.59542,83.89313,81.56489,13
0.22906494,0.022094727,-0.05218506,13.656488000000001,89.98473,74.908394,13
0.24713135,0.030029297000000003,-0.095581055,35.229008,94.47328,78.458015,13
0.25720215,0.043945312,-0.1281128,55.549618,95.38931,94.98473,13
0.25231934,0.034118652,-0.12615967,69.67175,92.03817,116.83206000000001,13
0.28076172,0.043640137,-0.12451172,80.19084000000001,87.48092,139.33588,13
0.31188965,0.03857422,-0.13763428,84.099236,82.175575,139.96184,13
0.3223877,0.029907227,-0.109313965,80.9542,66.41984599999999,127.9771,13
0.31878662,0.020629883,-0.09667969,63.900764,42.961834,91.16031,13
0.31085205,-0.0007324219,-0.06829834,29.343512,24.221375,40.93893,13
0.2909546,-0.0178833,-0.070129395,-39.435116,4.587786,-6.70229,13
0.26055908,0.008361816,-0.05645752,-106.58015400000001,-4.1679387000000006,-48.610687,13
0.34570312,0.03894043,-0.06439209,-140.98473,-12.648855000000001,-70.03817,13
0.37817383,0.054870605,-0.057556152,-129.71756000000002,-31.61832,-91.0,13
0.30157470000000003,0.08880615,-0.013427733999999998,-95.33588,-77.19847,-112.58778000000001,13
0.33489990000000003,0.07006836,-0.016967773000000002,-42.923664,-77.770996,-117.19847,13
0.33306885,0.047729492000000005,-0.032958984,15.068703,-87.458015,-120.778625,13
0.36071777,0.012817383,0.0037231445,26.450382,-95.21374,-136.55725,13
0.31353759999999997,0.02746582,0.037597656,-7.5114503,-111.25954399999999,-137.19847,13
0.25665283,0.0031738281,0.0007324219,-44.267174,-103.9771,-159.41222,13
0.23974610000000002,0.0043945312,-0.0064697266000000005,-49.85496,-90.381676,-175.36641,13
0.21179199,-0.008911133,0.014465332,-26.23664,-68.091606,-169.87022,13
0.18499756,-0.004760742,-0.02166748,22.450382,-49.076336,-146.77863,13
0.17022705,0.04296875,-0.033569336,74.9542,-38.045803,-99.862595,13
0.20880127,0.038391113,-0.03277588,121.83206000000001,-32.129771999999996,-48.160305,13
0.21966553,0.0033569335999999996,0.0036010741999999997,140.9542,-30.91603,-13.557251999999998,13
0.23608398,-0.019836426,0.021118164,126.49618500000001,-23.160304999999997,8.160305000000001,13
0.27801514,-0.022521972999999997,0.01739502,83.24428,-12.519084,21.122137,13
0.28668213,-0.034606934,0.031311035,21.007633,-4.0076336999999995,22.885496,13
0.26171875,-0.043029785,0.047180176,-71.41221999999999,12.679389,8.961832000000001,13
0.34484863,-0.05859375,0.09881592,-230.05344,41.015266,-7.9541984,13
0.40142822,-0.034973145,0.057495117000000005,-250.1374,60.862595,-3.091603,13
0.30413818,0.05712890599999999,0.005981445300000001,-250.1374,52.343509999999995,25.114504,13
0.20300293,0.10681152,0.0029907227,-239.30534,28.473282,48.091602,13
0.2142334,0.08618164,-0.009338379,-125.99236,20.732824,96.145035,13
0.21740723,0.068359375,0.008056641,-3.908397,27.137404999999998,105.65648999999999,13
0.21990967,0.052368164,0.006713866999999999,75.12214,38.251907,118.24428,13
0.24487305,0.05682373,-0.028503418,132.99237,47.816795,126.816795,13
0.20880127,0.039733887,-0.038391113,177.83969,50.0229,136.38931000000002,13
0.23583984,0.025695799999999998,-0.040283203,185.19083999999998,51.83206,139.0229,13
0.24841309,0.012939453,-0.059509277,149.99237,61.297709999999995,133.1145,13
0.24926758,0.013427733999999998,-0.0647583,100.061066,65.58015400000001,124.20611000000001,13
0.26458740000000003,0.010559082,-0.09033203,53.312977000000004,64.23664000000001,117.19084,13
0.26037598,0.009216309,-0.07775879,17.137404999999998,60.198475,98.618324,13
0.28149414,0.024902344,-0.0680542,-17.969465,57.778625,84.29771,13
0.31488037,0.03845215,-0.09027099599999999,-33.595420000000004,45.190838,70.84733,13
0.30664062,0.045043945,-0.07574463,-35.0229,34.06107,45.85496,13
0.2989502,0.05529785,-0.08483887,-41.25954,20.267176,24.068703,13
0.37908936,0.061401367000000005,-0.072387695,-30.175572999999996,13.862596,10.0992365,13
0.4633789000000001,0.08245849599999999,-0.025817871000000003,-3.908397,-17.687023,-8.290076,13
0.31817627,0.06567383,-0.03149414,2.5801528,-62.908398,-50.549618,13
0.26922607,0.04864502,0.002319336,-5.9770994,-72.35878000000001,-79.908394,13
0.29083252,0.028808594,-0.034301757999999995,4.442748,-76.54961999999999,-113.175575,13
0.32092285,0.026428222999999997,-0.012573242,9.709924,-79.12977,-137.27481,13
0.331604,0.017944336,0.028869628999999997,-19.10687,-91.9542,-145.84734,13
0.26727295,0.03668213,0.020385742,-39.10687,-97.0687,-168.0229,13
0.2244873,0.004699707,-0.0024414061999999998,-44.89313,-85.00764000000001,-190.53435,13
0.21984863,0.0051879883,-0.0018310547,-24.213741,-70.19847,-176.62596000000002,13
0.20098877,0.0119018555,-0.0064697266000000005,9.916031,-56.190838,-155.25954,13
0.20507812,0.022705077999999997,-0.03967285,31.755726,-41.908398,-128.46565,13
0.21276855,0.01574707,-0.01928711,50.206109999999995,-35.78626,-79.70229,13
0.24395752,-0.007385254,-0.0079956055,67.39695,-29.786259,-48.46565,13
0.25500488,-0.030151367000000002,0.023010253999999997,73.00764000000001,-21.068703,-20.847328,13
0.29626465,-0.028991700000000002,0.032592773,52.687022999999996,-15.19084,2.2671757,13
0.29730225,-0.056030273,0.04522705,10.656488000000001,-8.709924,17.557251,13
0.26928709999999995,-0.039001465,0.048034667999999996,-36.694656,7.7862597000000004,24.198473,13
0.3616333,-0.04168701,0.0758667,-73.08397,33.312977000000004,51.648853,13
0.37023926,0.012084961000000002,0.045959473,-87.10687,61.251906999999996,82.541985,13
0.31256104,0.04321289,-0.004211426,-41.412212,66.091606,108.137405,13
0.25268555,0.026306152000000003,-0.031188965,9.183207000000001,61.984733999999996,118.9771,13
0.23791504,0.02319336,-0.023620605,38.549618,59.47328,111.79388999999999,13
0.26153564,-0.0030517578000000003,-0.012634277,43.328243,62.053436,91.76335999999999,13
0.24603271,-0.016540527,0.008728027,34.801525,61.25954,73.28244000000001,13
0.20825195,-0.01965332,-0.020935059,6.396946400000001,57.931297,63.21374,13
0.21081543,-0.014404297,-0.032714844,-40.732826,54.389313,55.091602,13
0.21337889999999998,0.015808105,-0.025939941,-77.0458,50.496179999999995,61.435116,13
0.21801758,0.028320312,-0.061828613,-79.62595,51.473279999999995,65.770996,13
0.22912598,0.051208496,-0.055480957000000004,-40.282444,51.274809999999995,78.71755999999999,13
0.2642212,0.0703125,-0.09637451,18.0,53.709922999999996,94.00764000000001,13
0.28918457,0.06005859400000001,-0.06604004,64.778625,54.343509999999995,100.25954399999999,13
0.28521729999999995,0.06304932,-0.07702637,88.70992,48.404579999999996,100.53435,13
0.28570557,0.03967285,-0.057434082000000004,82.58015400000001,44.885498,91.0229,13
0.29406738,0.03173828,-0.0647583,54.870228000000004,28.89313,71.07633,13
0.28955078,0.04095459,-0.07733154,26.114504,18.961832,44.908398,13
0.36975098,0.053955078,-0.054382324,12.152672,0.045801528,24.541985,13
0.40319824,0.040161132999999995,-0.030822753999999997,-7.5801525,-45.114502,-8.129771,13
0.2868042,0.051635742000000005,-0.013366699,-37.435116,-84.26717,-59.35878,13
0.2623291,0.03894043,0.0134887695,-48.076336,-89.25954399999999,-99.29771,13
0.3151245,0.029541016,-0.010192871,-40.755726,-94.0687,-145.77100000000002,13
0.31982422,0.030273438,0.01574707,-45.335876,-96.175575,-167.99237,13
0.30950928,0.051330565999999994,0.020324707,-54.007633,-98.05344000000001,-183.98473,13
0.28118896,0.052978515999999996,0.01574707,-50.030533,-97.69466,-197.89313,13
0.24414062,0.03173828,0.03112793,-45.137405,-84.30534,-213.24427999999997,13
0.21374512,-0.0099487305,0.016235351999999998,-32.251907,-60.748093000000004,-199.78625,13
0.18823242,-0.0073242188,-0.032409667999999996,9.374044999999999,-40.458015,-158.44275,13
0.20581055,0.035217285,-0.041015625,59.50382,-24.603054,-96.32061,13
0.24932861,0.02331543,0.0022583008,96.9771,-20.580153,-41.84733,13
0.2828369,-0.018981934,0.05810547,110.19847,-19.167938,-3.351145,13
0.33215332,-0.0680542,0.051757812,88.458015,-17.93893,15.38168,13
0.34307859999999996,-0.08270264,0.08959961,34.21374,-9.725191,19.671754999999997,13
0.26513672,-0.06567383,0.06610107400000001,-26.923664000000002,5.6488547,15.389313000000001,13
0.32177734,-0.034118652,0.06610107400000001,-72.25954399999999,32.519085,40.51145,13
0.39233398,-0.015563965,0.055541992000000005,-99.68701999999999,60.427482999999995,68.70992,13
0.3283081,0.05328369,0.005676269499999999,-70.37405,71.9771,99.62595,13
0.24591064,0.050476074,-0.033691406,-7.5114503,68.27481,123.54198500000001,13
0.20935059,0.03173828,-0.05267334,45.969467,66.07633,128.67938,13
0.23181152,0.018737793,-0.044677734000000004,81.96947,67.12214,112.29008,13
0.22576904,0.012268066000000001,-0.024353027000000003,97.48092,68.99235999999999,86.28244000000001,13
0.19403076,0.00012207030000000001,-0.06298828,87.770996,64.72519,74.27481,13
0.18939209,-0.006591797,-0.06744385,64.68701999999999,61.519085,68.96947,13
0.21557617,-0.011474608999999998,-0.09875488,31.244274,59.62595400000001,74.770996,13
0.23864746,0.010437011999999999,-0.10766601599999999,8.763359,52.87786,83.35878000000001,13
0.24615479,0.0107421875,-0.10614014,6.221374,43.74046,86.496185,13
0.2911377,0.015380858999999998,-0.08361816400000001,17.877863,43.290077000000004,79.51145,13
0.31384277,0.005126953,-0.08355713,9.893129,26.74809,56.335876,13
0.33422852,0.00024414060000000002,-0.07470703,-22.839695000000003,24.099237,35.297709999999995,13
0.32745359999999996,0.012268066000000001,-0.05407715,-46.0229,11.0992365,11.854961,13
0.31921387,0.012634277,-0.047607422,-59.687022999999996,5.3129773,-8.419847500000001,13
0.3408203,0.04901123,-0.051452637,-58.656490000000005,3.221374,-13.671756,13
0.3925171,0.059570312,-0.028381347999999997,-36.10687,-16.778625,-21.12977,13
0.3262329,0.047973632999999995,-0.04675293,-6.900763499999999,-52.732826,-36.541985,13
0.28240967,0.040161132999999995,-0.04321289,13.045800999999999,-60.427482999999995,-52.84733000000001,13
0.3232422,0.036010742000000005,-0.025390625,30.122137,-71.98473,-68.816795,13
0.31036377,0.04663086,0.0064086914,38.549618,-84.12977,-85.41221999999999,13
0.29992676,0.024658202999999997,0.050598145,9.862596,-90.458015,-103.59541999999999,13
0.26031494,0.036010742000000005,0.03375244,-27.122137,-87.75572,-125.0458,13
0.20373535,0.020568848,0.0067749023,-39.076336,-75.30534,-151.83969,13
0.2074585,0.031188965,-0.0115356445,-24.42748,-60.343509999999995,-162.3435,13
0.20080566,0.030517577999999997,-0.017944336,15.793892999999999,-48.137405,-159.39694,13
0.19720459,0.029541016,0.0052490233999999995,67.12977,-38.816795,-141.61068999999998,13
0.18322754,0.027770996000000003,0.012573242,103.9542,-33.85496,-106.12977,13
0.1852417,0.033569336,-0.010437011999999999,117.29771000000001,-21.213741,-66.87023,13
0.21917725,0.024291992000000002,0.026306152000000003,125.38931000000001,-11.473283,-36.17557,13
0.27709959999999995,0.018859863,0.034179688,125.76336,0.47328246,-13.954199,13
0.34118652,-0.006164551,0.054260254,104.80153,2.793893,13.564885,13
0.3237915,-0.020568848,0.062561035,52.74046,10.549619,17.854961,13
0.30603027,-0.017089844,0.019592285,-11.893129,28.267176,13.305344,13
0.35021973,-0.0036621094,0.030883789,-43.946564,49.946564,34.755726,13
0.32434082,0.016235351999999998,0.02923584,-46.183205,71.21374,36.931297,13
0.28601074,0.026672362999999998,0.010559082,-29.206106,85.33588,60.74046,13
0.24145508,0.041625977,-0.053588867000000005,9.442748,90.94655999999999,74.145035,13
0.24975586,0.055786132999999995,-0.07849121,70.84733,84.0458,80.62595,13
0.23553467,0.021728516,-0.074279785,113.33588,71.71755999999999,65.91603,13
0.23223877,-0.00970459,-0.0067749023,97.44275,54.427482999999995,43.82443,13
0.20617676,-0.03503418,0.024719237999999998,49.587788,46.709922999999996,28.335878000000005,13
0.21948242,-0.024353027000000003,-0.008056641,21.320610000000002,50.473279999999995,18.480917,13
0.22979736,-0.020568848,-0.016235351999999998,1.5419847,54.007633,17.045801,13
0.22949219,-0.015319824,-0.043395996,-14.267176000000001,56.30534399999999,28.137404999999998,13
0.2401123,0.0032958984000000004,-0.045654297,-29.290077,52.412212,37.137405,13
0.23352051,0.037963867000000005,-0.062316895,-33.0,44.0,48.641220000000004,13
0.23297119,0.03302002,-0.05633545,-6.114504,40.06107,57.21374,13
0.2387085,0.043029785,-0.06719971,30.503816999999998,38.343509999999995,57.030533,13
0.21929932,0.042785645,-0.07843017599999999,57.320609999999995,36.23664,52.206109999999995,13
0.23937988,0.03338623,-0.08288574,75.41984599999999,34.007633,47.366413,13
0.24279785,0.032287598,-0.08111572,79.76335999999999,24.221375,44.87786,13
0.2512207,0.026184082,-0.061523438,72.29771,15.19084,37.618320000000004,13
0.24902344,0.019165039,-0.06732178,52.091602,8.076336,29.244274,13
0.3842163,0.024963378999999997,-0.050842285,40.244274,0.83206105,31.977097999999998,13
0.44152832,0.027832031,-0.04876709,23.297710000000002,-41.717556,29.87023,13
0.28033447,0.040649414,-0.032836914,-7.816794,-79.16031,-2.3816792999999996,13
0.32287598,0.032470703,0.007751465,-45.900764,-89.83206,-38.549618,13
0.32757568,0.039855957000000004,0.009033203,-41.374046,-97.80915999999999,-76.26717,13
0.31713867,0.04046631,0.014709473,-38.580154,-97.03817,-114.50381499999999,13
0.29388428,0.03765869,0.019592285,-49.53435,-98.29008,-143.50381000000002,13
0.27142334,0.04345703,0.0072021483999999995,-49.08397,-96.32825,-180.09923999999998,13
0.2376709,0.030883789,-0.010314941,-36.0,-84.175575,-198.52671999999998,13
0.21569824,0.021118164,-0.025024414,-7.152672,-70.08397,-199.82443,13
0.2041626,0.014282227,-0.023803711,30.374046000000003,-54.137405,-180.42747,13
0.20037842,0.030456543,-0.022583007999999998,62.38168,-41.793890000000005,-145.2519,13
0.22436523,0.030212402000000003,-0.009033203,80.83206,-35.587788,-94.78626,13
0.25646973,0.008605957,0.038879395,86.51908,-30.160304999999997,-54.81679499999999,13
0.27008057,-0.0115356445,0.04650879,83.44275,-26.198473,-21.702289999999998,13
0.29504395,-0.009399414,0.034851073999999996,58.290077000000004,-21.435114000000002,9.7404585,13
0.26123047,-0.026855469,0.019226074,14.679389000000002,-13.503817000000002,11.984733,13
0.23577881,-0.033569336,0.028625487999999998,-40.312977000000004,2.1755726,9.7786255,13
0.3151245,-0.008972168,0.02709961,-88.0687,26.23664,24.984734,13
0.30670166,-0.009643555,0.019714355,-103.175575,49.603054,37.91603,13
0.2588501,0.044921875,-0.030578612999999998,-76.854965,63.38168,64.96947,13
0.25408936,0.06274414,-0.033996582000000004,-31.022902000000002,73.31298000000001,98.1145,13
0.25878906,0.035461426000000004,-0.05596924,18.442749,80.96183,114.25954399999999,13
0.24749756,0.04284668,-0.036193848,47.93893,83.68701999999999,115.50381499999999,13
0.25408936,0.024047852,-0.054748535,62.87786,80.69466,110.9542,13
0.21215820000000005,0.030761719,-0.0758667,79.862595,79.229004,101.938934,13
0.22540283,0.019226074,-0.08239746,78.24428,81.32061,94.83206,13
0.25915527,0.014831543,-0.07543945,56.702290000000005,84.20611,106.64121999999999,13
0.26867676,0.029724121000000003,-0.11590576,49.580154,76.45038000000001,117.137405,13
0.26989746,0.031433105,-0.11651611,54.656490000000005,80.31298000000001,118.49618500000001,13
0.2876587,0.04260254,-0.10443115,58.389313,51.297709999999995,112.0458,13
0.2675171,0.03717041,-0.10705566400000001,69.27481,36.076336,86.39695,13
0.28802490000000003,0.03289795,-0.099121094,75.28244000000001,22.190839999999998,63.22900799999999,13
0.30303955,0.034851073999999996,-0.097595215,79.43511,8.656488000000001,40.541985,13
0.28796387,0.048583984000000004,-0.09436035,85.908394,-1.7709924,23.480917,13
0.27215576,0.039978027,-0.085754395,84.9771,-21.480917,4.557252,13
0.30364990000000003,0.049438477,-0.04547119,82.89313,-20.832062,-10.106871,13
0.42474365,0.020446777,-0.046081542999999996,71.98473,-36.16794,-31.91603,13
0.30963135,0.01184082,-0.042114257999999995,34.458015,-85.05344000000001,-54.938930000000006,13
0.25299072,0.017211914,-0.0043945312,-6.9770994,-98.34351,-86.63359,13
0.3203125,0.020874023000000002,0.015991211,-8.015267,-96.83969,-106.58015400000001,13
0.3217163,0.032165527,0.008117675999999999,0.2977099,-102.12214,-113.96183,13
0.31347656,0.047546387,0.005126953,17.534351,-103.67175,-112.8855,13
0.29351807,0.043701172,-0.0018310547,26.824427000000004,-105.58015400000001,-115.50381499999999,13
0.25195312,0.036071777,0.023803711,26.687022999999996,-102.87023,-116.14503500000001,13
0.22497559,0.009765625,-0.0006713867,24.145039,-91.79389,-117.78626000000001,13
0.22827148,0.020141601999999998,0.018859863,27.290077,-76.91603,-110.78626000000001,13
0.22412110000000002,0.019348145,0.008605957,38.503820000000005,-66.175575,-96.31298000000001,13
0.23358154,0.03753662,0.0012207030999999999,55.969467,-57.25954,-81.25191,13
0.24194336,0.020446777,0.018127441,68.71755999999999,-54.091602,-66.816795,13
0.23382568,-0.019592285,0.022216797000000003,64.53435,-46.770992,-58.55725,13
0.2593994,-0.022338867000000002,0.03479004,39.198475,-29.42748,-49.809162,13
0.29748535,-0.022216797000000003,0.020263672,17.274809,-9.908397,-31.175572999999996,13
0.29418945,-0.0134887695,0.0004882813,0.49618322,3.2366412,-14.396947,13
0.24938965,-0.0041503906,-0.003112793,-14.305344,21.57252,0.14503817,13
0.30932617,-0.020202637,0.0034179688000000002,-28.74809,38.015266,15.198473000000002,13
0.27075195,-0.0065307617,-0.034973145,-38.48855,52.87786,29.068703000000003,13
0.22491455,0.0126953125,-0.06365967,-31.87023,59.870228000000004,45.114502,13
0.23901367,0.023376465,-0.043395996,-14.557251999999998,61.908398,56.091602,13
0.23278809,0.027832031,-0.04284668,4.1679387000000006,62.83969499999999,63.870228000000004,13
0.24212646,0.012451172,-0.045898438,17.595419,64.10687,58.206109999999995,13
0.20123291,0.0045166016,-0.049133300000000005,33.274809999999995,63.015266000000004,51.381679999999996,13
0.19189453,0.008605957,-0.081970215,62.687022999999996,71.221375,49.114502,13
0.22772217,0.0009155273,-0.09478760000000001,82.0,74.05344000000001,48.603054,13
0.23901367,-0.0022583008,-0.0758667,70.69466,67.183205,57.038166000000004,13
0.21783447,0.0037841796999999997,-0.092285156,40.251907,61.206109999999995,69.23664000000001,13
0.21679688,-0.006591797,-0.08734131,18.465649,61.870228000000004,75.091606,13
0.25738525,-0.00030517580000000003,-0.09118652,5.259542,60.076336,75.94655999999999,13
0.25805664,0.012207031,-0.07397461,-8.229008,54.52672,68.83206,13
0.2654419,0.019042969,-0.08233642599999999,-25.687023,51.89313,62.23664,13
0.29693604,0.013305663999999998,-0.08172607400000001,-52.938930000000006,42.183205,48.770992,13
0.28063965,0.017578125,-0.09136963,-86.16031,30.015265999999997,25.175573,13
0.4321289000000001,0.03289795,-0.03515625,-98.938934,35.450382,19.87023,13
0.41809082,0.057861328,-0.081970215,-87.91603,-2.221374,1.4198473999999999,13
0.25299072,0.07135010000000001,-0.085876465,-53.48855,-31.38168,-27.328245000000003,13
0.32525635,0.07080078,-0.04827881,-9.671756,-25.496183,-47.48855,13
0.31927490000000003,0.018798828,-0.04937744,20.854961,-44.76336,-70.15267,13
0.27709959999999995,0.022766112999999998,-0.014343261999999999,0.48854962,-61.82443000000001,-82.618324,13
0.26885986,0.0178833,-0.03149414,-30.564885999999998,-64.36641,-107.30533999999999,13
0.24383545,0.019836426,-0.047973632999999995,-23.206106,-65.63359,-123.19847,13
0.19360352,0.023803711,-0.054260254,-1.2137405,-59.290077000000004,-136.83206,13
0.20336914,0.013427733999999998,-0.047729492000000005,25.503817,-54.40458,-139.22137,13
0.19763184,-0.012878418,-0.048583984000000004,50.374046,-49.770992,-121.25191000000001,13
0.17028809,-0.0115356445,-0.032592773,60.061069999999994,-43.603054,-95.51908,13
0.20111084,-0.0045166016,-0.038879395,55.648853,-38.931297,-63.49618,13
0.23394775,-0.011413574,-0.010925293,44.038166,-32.656490000000005,-26.564885999999998,13
0.28381348,-0.034301757999999995,-0.013061523,21.740458,-23.38168,1.9160305,13
0.31524658,-0.038879395,0.00579834,-20.358778,-22.412214000000002,21.534351,13
0.27099609999999996,-0.03656006,0.009399414,-85.84733,-18.236639999999998,18.679389999999998,13
0.27783203,-0.009277344,0.0119018555,-130.1145,-0.17557251,22.694656,13
0.39294434,0.01586914,0.028747559,-141.08397,22.541985,47.51145,13
0.3106079,0.03692627,-0.017028809,-120.62595,30.343512,54.106869999999994,13
0.21356201,0.05456543,-0.022155762000000002,-82.71755999999999,33.83206,61.46565,13
0.24310303,0.05090332,-0.05102539,-35.374046,43.900764,69.70992,13
0.27972412,0.041992188,-0.04925537,7.89313,43.480915,55.267174,13
0.2508545,0.021911621000000003,-0.024902344,19.145039,40.297709999999995,44.183205,13
0.24346924,0.00042724610000000003,-0.01953125,-0.14503817,30.664121999999995,35.587788,13
0.19653320000000002,0.002380371,-0.046447754,-18.961832,28.10687,29.06107,13
0.18737793,0.010559082,-0.07904053,-24.244274,27.778625,30.396946000000003,13
0.17926025,0.035339355,-0.07781982400000001,-24.778625,33.435116,43.160305,13
0.19537354,0.020935059,-0.08868408,-23.534351,32.923664,54.992367,13
0.22125244,0.017150878999999997,-0.10119629,-28.839695000000003,30.969465000000003,72.58015400000001,13
0.21612549,0.032958984,-0.07452392599999999,-24.694656,29.801527,81.80153,13
0.25842285,0.047668457000000004,-0.07623291,-19.961832,31.10687,82.87023,13
0.24865723,0.051086426,-0.09484863,-16.08397,33.549618,79.862595,13
0.26879883,0.056640625,-0.07885742,-6.374046,32.694656,74.175575,13
0.28546143,0.057250977,-0.07696533,-7.40458,26.786259,63.16794,13
0.32806396,0.061401367000000005,-0.06933594,-5.656488400000001,18.931297,47.595420000000004,13
0.45465088,0.06585693,-0.04296875,-5.7709923,12.267176,32.015266,13
0.36157227,0.067871094,-0.036804199999999995,-7.740458,-17.48855,-2.6183207000000004,13
0.28253174,0.05255127,-0.055541992000000005,-15.389313000000001,-36.816795,-46.816795,13
0.2923584,0.051757812,-0.03302002,6.6488547,-35.091602,-75.24428,13
0.30780029999999997,0.044799805,-0.039611816,29.709923,-43.53435,-100.38931,13
0.30505370000000004,0.041503906,-0.003540039,40.984734,-52.48855,-108.72519,13
0.30212402,0.041137695,-0.01953125,46.93893,-56.81679499999999,-112.32061000000002,13
0.25250244,0.04284668,0.00030517580000000003,54.76336,-57.67175699999999,-118.74045600000001,13
0.22814941,0.034851073999999996,-0.022888184,71.44275,-49.206109999999995,-120.58015400000001,13
0.23052979,0.020996094,-0.023254395,87.229004,-42.961834,-117.381676,13
0.22131348,0.021362305,-0.022094727,93.71755999999999,-39.55725,-110.0687,13
0.21191406,0.022521972999999997,-0.01776123,93.52672,-42.312977000000004,-95.74809,13
0.21282959,0.029663086,-0.010192871,95.381676,-39.091602,-77.0458,13
0.23754883,0.027404785,-0.0028076171999999997,100.35114,-36.641220000000004,-59.519085,13
0.24176025,0.0063476562,-0.011657715,94.48855,-37.564884,-47.16794,13
0.25,0.0115356445,-0.009094238000000001,76.0,-38.419846,-37.83206,13
0.230896,-0.01373291,-0.0020751953,40.198475,-34.450382,-36.580154,13
0.22900389999999998,0.0051879883,0.00018310549999999998,-4.076336,-22.366413,-28.992366999999998,13
0.2322998,0.01739502,-0.00024414060000000002,-23.595419,10.877863,-15.580152499999999,13
0.3336792,0.022644043,0.009277344,-21.122137,36.55725,24.091601999999998,13
0.25787354,0.03363037,-0.0345459,-13.435115,47.25954,47.87786,13
0.20648193,0.051513672,-0.04272461,8.129771,57.908398,64.96183,13
0.25793457,0.03753662,-0.05224609400000001,42.46565,69.31298000000001,87.9542,13
0.25897217,0.039123535,-0.06890869,84.9542,67.74045600000001,83.34351,13
0.27246094,0.029907227,-0.043762207000000004,117.25954399999999,60.16794,79.99235999999999,13
0.27307129999999996,0.005554199,-0.035705566,114.87023,45.366413,70.24428,13
0.27288818,-0.0025634766,-0.0647583,94.66412,31.503816999999998,54.21374,13
0.265625,-0.010864258,-0.08435058599999999,65.21374,27.51145,40.885498,13
0.23718262,0.0072021483999999995,-0.06781006,25.656488,24.12977,23.229008,13
0.22113037,0.021728516,-0.077941895,10.931297,19.251910000000002,13.526717000000001,13
0.23327637,0.029663086,-0.08441162,14.687023000000002,14.78626,5.1297708,13
0.23522949,0.02532959,-0.07299805,42.694656,11.770992,3.4274809999999998,13
0.21246338,0.030151367000000002,-0.07263183599999999,73.32825,7.3053436000000005,-5.3053436,13
0.21051025,0.014892578,-0.07781982400000001,88.41221999999999,7.6488547,-6.6412214999999994,13
0.21948242,0.007080078,-0.059753417999999996,87.03053,3.2900763,-7.763358599999999,13
0.24029541,0.024963378999999997,-0.05706787,78.08397,-2.7862597,-14.229007999999999,13
0.2512207,0.010131836,-0.057434082000000004,70.24428,-10.526717,-21.595419,13
0.25115967,0.009033203,-0.07092285,62.335876,-14.847328,-30.656488,13
0.26928709999999995,0.018371582,-0.058044434000000006,54.343509999999995,-20.12977,-41.74046,13
0.24121094,0.020690918,-0.057495117000000005,48.290077000000004,-22.259542,-54.351147,13
0.26470947,0.023376465,-0.049072265999999996,45.82443,-14.557251999999998,-58.916030000000006,13
0.30853270000000005,0.03515625,-0.048461914,51.633587,-13.480916,-63.610687,13
0.26617432,0.020141601999999998,-0.05999756,55.687022999999996,-15.351145,-77.9313,13
0.25683594,0.030395507999999998,-0.039001465,64.770996,-17.57252,-84.061066,13
0.28759766,0.027832031,-0.03302002,79.58015400000001,-12.114504,-87.618324,13
0.32092285,0.018432617,-0.024902344,90.10687,-12.274809,-76.10687,13
0.29418945,0.01739502,-0.047607422,86.183205,-10.954199000000001,-70.23664000000001,13
0.26806640000000004,0.020385742,-0.03125,67.29771,-12.824428,-58.396946,13
0.2286377,0.028076172000000003,-0.015136719,49.53435,-10.694656,-51.351147,13
0.23669434,0.033813477,-0.04058838,41.045803,0.52671754,-42.801525,13
0.24890137,0.055480957000000004,-0.047668457000000004,37.17557,5.1374044,-22.648854999999998,13
0.23406982,0.07073974599999999,-0.029174805,39.366413,3.3816792999999996,-14.770992000000001,13
0.23901367,0.06854248,-0.048461914,35.419846,0.38167940000000006,-4.1679387000000006,13
0.21380615,0.06323242,-0.03326416,31.977097999999998,-2.5038167999999996,-2.1374047000000003,13
0.21063232,0.07391357400000001,-0.044616699999999995,33.007633,0.6488550000000001,-8.389313000000001,13
0.20977783,0.06542969,-0.03387451,32.648853,5.2137402999999996,-10.839694999999999,13
0.22149658,0.06933594,-0.046020507999999995,29.29771,3.9770992,-12.396947,13
0.22589111,0.06512451,-0.059326172,25.854961,1.3358778999999998,-15.366412,13
0.22796631,0.072143555,-0.05279541,26.022902,-0.8702290000000001,-16.763360000000002,13
0.23364258,0.06378174,-0.05670166,28.80916,1.519084,-17.251910000000002,13
0.23681639999999998,0.04534912,-0.06671142599999999,24.717558,5.740458,-23.51145,13
0.23834229,0.05218506,-0.07800293,13.61832,7.6870227,-21.854961,13
0.22192383,0.059265137,-0.08312988,8.511451,11.091603,-26.641221999999996,13
0.21374512,0.06011963,-0.09613037,22.206106,14.870229,-20.687023,13
0.22912598,0.05206299,-0.09301758,39.450382,18.213741,-13.290076000000001,13
0.23327637,0.05340576,-0.103027344,54.664124,17.763360000000002,-7.70229,13
0.237854,0.056274414,-0.08203125,65.0229,17.954199,-1.8167938999999997,13
0.25787354,0.03326416,-0.08453369,65.73283,12.274809,2.5267177000000003,13
0.30706787,0.039001465,-0.06567383,58.610687,21.267176,11.274809,13
0.3375244,0.028930664,-0.07196045,38.549618,20.366413,21.015266,13
0.28179932,0.024841309,-0.080566406,34.603054,13.076336,18.832062,13
0.2935791,0.041931152,-0.08935547,46.76336,16.244274,16.389313,13
0.24212646,0.0345459,-0.09411621,65.70229,3.793893,3.7251909,13
0.1920166,0.02520752,-0.08648682,71.21374,3.6030532999999996,-9.625955000000001,13
0.21337889999999998,0.018066406,-0.07067871,71.29771,5.442748,-14.877863,13
0.22259521,0.032592773,-0.0423584,67.9313,1.7633588,-11.503817,13
0.20373535,0.021728516,-0.04748535,57.519085,5.3816795,-2.0839694,13
0.19683838,0.030578612999999998,-0.040649414,44.717556,13.106871,4.335878,13
0.2020874,0.03845215,-0.05706787,31.67939,17.305344,10.9007635,13
0.20690918,0.024291992000000002,-0.047607422,12.549619,18.763360000000002,12.519084,13
0.22290039,0.032836914,-0.0345459,-0.03816794,20.015266,20.587785999999998,13
0.19781494,0.048828125,-0.04711914,10.404580000000001,26.61832,25.923664000000002,13
0.23413086,0.061767578,-0.048034667999999996,44.946564,34.717556,29.625953999999997,13
0.22875977,0.039916992000000005,-0.044128417999999996,70.53435,37.687022999999996,23.977098,13
0.23919678,0.04748535,-0.05255127,79.091606,35.435116,14.709923999999999,13
0.22747803,0.026245117000000002,-0.059631348,81.61069,31.29771,-3.870229,13
0.23321533,0.032958984,-0.08276367,83.45038000000001,27.519083000000002,-19.030535,13
0.25854492,0.037841797,-0.06604004,95.31298000000001,23.480917,-30.23664,13
0.27624512,0.017089844,-0.031921387,105.48092,16.61832,-35.633587,13
0.28179932,0.028381347999999997,-0.053466797,101.31298000000001,6.900763499999999,-38.541985,13
0.26184082,0.015319824,-0.05090332,96.08397,-2.4885497,-47.51145,13
0.28442383,0.012268066000000001,-0.040039062,80.27481,-7.2824425999999995,-53.114502,13
0.30822754,0.0014648438,-0.039978027,63.297709999999995,-12.358779,-58.099236,13
0.28436279999999997,0.016540527,-0.016723633,53.221375,-13.007633,-63.61832,13
0.30944824,0.015075683999999999,-0.030700684,53.40458,-15.725191,-64.39695,13
0.29553223,0.016845703,-0.0003662109,50.74046,-15.312976999999998,-68.37405,13
0.2711792,0.013977051,-0.019470215,52.885498,-12.931297,-66.00764000000001,13
0.25482178,0.031799316,-0.016113281,55.78626,-7.923664,-69.23664000000001,13
0.21624756,0.032592773,-0.013549805,54.389313,-0.34351146,-71.62595,13
0.21350098,0.020080566,-0.015075683999999999,49.007633,8.2213745,-64.41221999999999,13
0.22967529999999997,0.042419434000000006,-0.0028076171999999997,54.37404599999999,16.809160000000002,-51.519085,13
0.21118164,0.048217773,-0.027526855,59.53435,20.61832,-43.931297,13
0.21130371,0.07208252,-0.022583007999999998,62.343509999999995,25.412214000000002,-33.732826,13
0.21612549,0.0847168,0.004760742,58.068703,24.328245000000003,-31.793894,13
0.21563720000000003,0.109375,-0.046875,45.74046,-37.755726,-49.76336,13
0.29266357,0.115722656,-0.022766112999999998,84.87786,55.87786,-0.4274809,13
0.26116943,0.11761474599999999,-0.033325195,88.19084000000001,75.16794,-37.625954,13
0.24163818,0.10467529,-0.021240234,77.38931,39.83206,-22.801527,13
0.26599120000000004,0.122558594,-0.040405273,65.48092,31.534351,-20.022902,13
0.237854,0.09722900400000001,-0.04046631,65.19084000000001,22.847328,-33.007633,13
0.25091553,0.08551025400000001,-0.044128417999999996,41.12214,15.412213000000001,-38.908398,13
0.22857666,0.09942627,-0.05670166,22.526718,13.633588,-45.78626,13
0.22906494,0.089904785,-0.05633545,17.297710000000002,8.7404585,-51.587788,13
0.23284912,0.0803833,-0.026672362999999998,22.89313,4.816794,-45.351147,13
0.24725342,0.09234619,-0.048583984000000004,39.419846,5.5648856,-33.015266,13
0.22576904,0.08489989999999999,-0.051513672,58.580154,6.7480917,-26.648854999999998,13
0.22119139999999998,0.06542969,-0.018493652,45.961834,9.519084,-17.740458,13
0.2479248,0.08294678,-0.050842285,22.351145000000002,16.389313,-12.641221,13
0.2479248,0.089904785,-0.034484863,22.335878,19.694656,-7.740458,13
0.24035645,0.08874512,-0.035339355,42.549618,20.770992,-8.595419999999999,13
0.21405029999999997,0.07446289,-0.036193848,55.809162,20.587785999999998,-12.0,13
0.1975708,0.06945801,-0.04815674,71.65649,21.587785999999998,-14.045801,13
0.19793701,0.07263183599999999,-0.03942871,78.70229,21.343512,-10.206107000000001,13
0.22344970000000003,0.07904053,-0.054504395,71.52672,24.847328,0.007633588,13
0.23028564,0.0703125,-0.05987549,57.931297,25.015266,8.687023,13
0.2536621,0.06121826,-0.047973632999999995,39.610687,20.114504,9.839694999999999,13
0.26837158,0.06549072,-0.053649902,17.740458,16.732824,5.1374044,13
0.25299072,0.07470703,-0.04840088,11.7404585,13.259541500000001,1.6641221000000002,13
0.23864746,0.07751465,-0.06585693,24.992367,10.893129,-3.4580152,13
0.24230957,0.07067871,-0.06188965,35.564884,8.229008,-6.480916000000001,13
0.23443604,0.07098389,-0.07574463,33.656490000000005,4.343511599999999,-8.404580000000001,13
0.23913574,0.064331055,-0.06341553,23.725191,-1.7557251,-7.290076299999999,13
0.24096679999999995,0.07019043,-0.044311523,15.961832000000001,-5.8702292,-5.5648856,13
0.24017334,0.06542969,-0.052734375,11.053435,-5.9923663000000005,-5.885496,13
0.23779297,0.05706787,-0.051513672,10.244275,-8.045800999999999,-3.2900763,13
0.23956299,0.062683105,-0.06732178,7.6183205,-7.778625999999999,-1.9160305,13
0.25048828,0.08337402,-0.06011963,3.5038167999999996,-9.709924,-2.6412212999999998,13
0.2388916,0.06817627,-0.051452637,5.7938933,-10.679389,-3.9770992,13
0.21936035,0.07507324,-0.051635742000000005,5.5419846,-9.229008,-6.7251906,13
0.23101807,0.08258057,-0.06713867,1.7709924,-11.763359,-10.465649,13
0.23669434,0.08380127,-0.05419922,-5.183206,-14.152672,-10.595419999999999,13
0.22113037,0.08172607400000001,-0.053466797,-14.473282999999999,-15.870229,-11.015267,13
0.23236084,0.10046387,-0.041015625,-12.885496,-14.694656,-17.824427,13
0.21887207,0.09448242,-0.04473877,-7.8702292,-11.244275,-19.259542,13
0.22741699,0.10430908,-0.043640137,-4.961832,-7.740458,-17.190839999999998,13
0.22442627,0.11090088,-0.048828125,2.3206108,-5.473282299999999,-17.312977,13
0.21649169999999998,0.11230469,-0.0680542,11.015267,-0.90076333,-20.954199,13
0.19763184,0.10516357400000001,-0.060913086,17.290077,1.1374046,-25.145039,13
0.21008301,0.08734131,-0.05883789,20.198473,2.5877862,-29.564885999999998,13
0.22344970000000003,0.08581543,-0.071777344,17.290077,4.183206,-30.67939,13
0.23541260000000003,0.08483887,-0.05987549,16.08397,5.809159999999999,-28.89313,13
0.21954346,0.089660645,-0.076049805,18.42748,10.587786999999999,-31.183207,13
0.22497559,0.091918945,-0.06665039,25.595419,15.770992000000001,-24.412214000000002,13
0.21563720000000003,0.10272217,-0.060180664,34.900764,17.57252,-15.129771,13
0.19927979,0.10180664,-0.07623291,40.725190000000005,17.06107,-6.2977099999999995,13
0.21209717,0.1026001,-0.09448242,38.55725,13.763359,6.656488400000001,13
0.22131348,0.10516357400000001,-0.07989502,30.053434000000003,10.80916,4.5725193,13
0.24163818,0.09875488,-0.06732178,16.946566,4.763358599999999,0.45038167,13
0.25653076,0.09906006,-0.052368164,10.961832000000001,-1.038168,-6.1374044,13
0.25543213,0.10241699,-0.053649902,4.4656487,-6.8778625,-20.404581,13
0.265625,0.10394287,-0.06842041,-2.0992367,-9.725191,-26.335878000000005,13
0.23937988,0.095214844,-0.08752441400000001,-0.015267176,-12.251908,-29.435114000000002,13
0.21057129,0.08160400400000001,-0.079956055,3.5038167999999996,-11.358779,-28.23664,13
0.21472168,0.08758545,-0.07788086,2.610687,-10.80916,-26.335878000000005,13
0.21337889999999998,0.07476807,-0.08538818,-4.442748,-9.541985,-21.534351,13
0.19976807,0.08062744,-0.08911133,-13.511451000000001,-8.572519,-14.740458499999999,13
0.21038818,0.0836792,-0.09033203,-13.129771,-7.9465647,-8.389313000000001,13
0.21905518,0.08843994,-0.08160400400000001,-9.534351,-5.1984735,-4.587786,13
0.20648193,0.09692383,-0.08905029,-9.030535,-4.8625956,0.77099234,13
0.21453857,0.12701416,-0.09667969,-8.045800999999999,-3.206107,3.5801528,13
0.22381592,0.10418701,-0.09387207,-11.442748,-2.4045799999999997,11.0992365,13
0.203125,0.119628906,-0.0949707,-13.450381,1.4732825,10.793892999999999,13
0.20898438,0.11883545,-0.09844971,-13.251907999999998,0.64122134,12.9007635,13
0.19256592,0.1270752,-0.09722900400000001,-12.862596,-0.33587787,12.297709,13
0.20587158,0.11645508,-0.09875488,-8.320611,0.86259544,10.931297,13
0.21533203,0.13952637,-0.090026855,-9.206107000000001,-0.79389316,4.4656487,13
0.22253418,0.118652344,-0.08428955,-8.603053,-1.7099236,0.6488550000000001,13
0.21343994,0.1274414,-0.10784912,-1.4274809,-2.167939,-4.1984735,13
0.22650146,0.13250732,-0.08294678,-1.2824427,-2.3664122000000005,-11.511451,13
0.20178223,0.10998535,-0.07073974599999999,-10.954199000000001,-2.1755726,-15.877863,13
0.19580078,0.12164307,-0.09576416,-10.687023,2.4961832000000004,-19.145039,13
0.19873047,0.12597656,-0.0925293,1.5801526000000001,4.366412,-18.801527,13
0.19409179999999998,0.12133789,-0.08502197,13.137404,8.061069,-16.702289999999998,13
0.19836426,0.12384033,-0.089904785,20.10687,12.053435,-14.717557000000001,13
0.20983887,0.11773682,-0.09082031,17.473282,12.290076,-15.0,13
0.22192383,0.11279297,-0.06793213,14.740458499999999,12.328244,-12.893129,13
0.2300415,0.103515625,-0.07421875,10.290076,9.396947,-13.022901,13
0.22418213,0.10699463,-0.06402588,2.7404580000000003,9.244275,-19.793894,13
0.21295166,0.10968017599999999,-0.05328369,-2.793893,10.21374,-20.969465,13
0.20300293,0.10974121,-0.068237305,-1.2824427,11.7786255,-18.290077,13
0.20385742,0.12451172,-0.071777344,-1.0763359,13.40458,-18.885496,13
0.19085693,0.12066650400000001,-0.043701172,1.519084,19.717558,-16.022902,13
0.19042969,0.12841797,-0.077941895,8.351144999999999,27.625953999999997,-10.488549,13
0.20135498,0.13531494,-0.06414795,20.885496,31.564885999999998,-4.8778625,13
0.19708252,0.12597656,-0.07757568,31.480916999999998,34.229008,-5.1297708,13
0.21881104,0.11077881,-0.07696533,29.48855,32.160305,-2.0152671000000004,13
0.22912598,0.119140625,-0.057922363,18.648854999999998,24.236639999999998,-5.068702,13
0.22595215,0.10644531,-0.07861328,6.2748094000000005,19.038168,-9.969465,13
0.22668457,0.10223389,-0.0625,-5.4503818,13.816792999999999,-13.610686999999999,13
0.22778320000000005,0.10601807,-0.06988525400000001,-14.427481,8.664123,-12.396947,13
0.20495605,0.106933594,-0.10028076,-16.38168,5.8244276,-8.236641,13
0.21948242,0.11444092,-0.09545898400000001,-9.091603,4.740458,-2.9389312000000003,13
0.2154541,0.11022949,-0.0993042,-2.1984732000000005,1.8091604,1.0687023,13
0.21630860000000002,0.10485839999999998,-0.07922363,-2.1755726,-3.076336,7.763358599999999,13
0.22283936,0.10607910000000002,-0.09515381,-6.366412,-4.557252,10.78626,13
0.21697998,0.101501465,-0.07354736,-13.145039,-9.045800999999999,20.541985,13
0.20874023,0.11096191400000001,-0.08477783,-24.221375,-13.358779,24.862595000000002,13
0.1953125,0.11657715,-0.07324219,-29.343512,-13.396947,28.366413,13
0.17443848,0.13378906,-0.064941406,-25.091601999999998,-8.175572,29.89313,13
0.19586182,0.12817383,-0.053466797,-10.427481,-4.4885497,30.786259,13
0.1984253,0.11895752,-0.062072754,2.167939,2.6564887,31.885496000000003,13
0.19873047,0.101623535,-0.042907715,2.2519082999999998,8.977099,39.549618,13
0.22906494,0.10052489999999999,-0.07489014,-5.7099237,15.946565,45.312977000000004,13
0.23571777,0.08605957,-0.032592773,-12.969465,20.778625,45.931297,13
0.23681639999999998,0.09197998,-0.02508545,-6.5648856,22.053434,45.603054,13
0.23468018,0.09741211,-0.027648926,7.4503818,25.816793,46.694656,13
0.21234131,0.08074951,-0.05596924,22.206106,32.358779999999996,42.23664,13
0.22479248,0.06524658,-0.0435791,40.076336,35.732826,43.14504,13
0.23071289,0.07354736,-0.02709961,51.671757,32.366413,41.618320000000004,13
0.24639893,0.061645507999999995,-0.043884277,56.62595400000001,30.007633000000002,40.190838,13
0.24310303,0.050354004,-0.06866455,59.900764,31.541984999999997,40.282444,13
0.24560547,0.054992676,-0.04071045,53.961833999999996,31.534351,38.603054,13
0.25238037,0.054138184000000006,-0.059814453,43.732826,31.351145000000002,35.603054,13
0.24603271,0.050598145,-0.035461426000000004,42.74046,29.564885999999998,33.633587,13
0.24926758,0.028747559,-0.040161132999999995,47.435116,28.198473,34.44275,13
0.23382568,0.04833984400000001,-0.04095459,50.91603,23.748089999999998,35.89313,13
0.24603271,0.034423828,-0.032104492000000005,47.25954,21.984734,38.282444,13
0.25341797,0.043762207000000004,-0.03881836,49.0,21.328245000000003,39.0,13
0.24127197,0.043762207000000004,-0.059570312,52.10687,19.160304999999997,35.419846,13
0.2598877,0.022216797000000003,-0.035339355,52.549618,19.358778,32.923664,13
0.26867676,0.027282715,-0.04547119,41.496179999999995,17.587785999999998,28.824427000000004,13
0.28778076,0.026123047000000003,-0.04449463,26.152672,13.305344,24.145039,13
0.26885986,0.018737793,-0.018005371000000003,17.053434,8.236641,18.61832,13
0.26531982,0.038757323999999996,-0.04840088,17.458015,3.038168,9.007633,13
0.27349854,0.022888184,-0.048034667999999996,14.419847500000001,-1.7328244,-3.534351,13
0.2623291,0.024963378999999997,-0.04046631,8.206107000000001,-12.801527,-16.839695000000003,13
0.25689697,0.03564453,-0.03930664,7.137404400000001,-19.900763,-29.19084,13
0.24963379,0.02947998,-0.047729492000000005,14.068703,-19.419847,-35.46565,13
0.24517822,0.017211914,-0.030822753999999997,25.549618,-16.06107,-36.15267,13
0.24829102,0.030944824,-0.020996094,32.190838,-12.618319999999999,-37.954197,13
0.24328613,0.014343261999999999,-0.032714844,34.099236,-6.8015265,-41.503820000000005,13
0.22601318,0.0138549805,-0.02734375,38.14504,-2.1221373,-41.427483,13
0.23034668,0.03704834,-0.04083252,47.93893,0.45038167,-39.839695,13
0.23162842,0.033447266,-0.020507812,61.687022999999996,5.8625956,-38.15267,13
0.23699951,0.031921387,-0.032104492000000005,75.19084000000001,9.068703,-28.374046000000003,13
0.23162842,0.01940918,-0.030578612999999998,84.55725,12.633588,-28.908398,13
0.24371338,0.02319336,-0.037231445,82.41984599999999,15.580152499999999,-18.984734,13
0.25354004,0.01953125,-0.031799316,78.099236,17.900763,-13.541985,13
0.2711792,0.01184082,-0.028747559,66.76335999999999,17.61832,-14.78626,13
0.27307129999999996,0.024597168,-0.029846191,47.114502,16.908398000000002,-17.183207,13
0.28985596,0.028198242000000002,-0.03955078,31.435114000000002,14.549619,-19.832062,13
0.25451660000000004,0.020324707,-0.019348145,27.541984999999997,10.923664,-25.030535,13
0.2654419,0.020751953,-0.026733398,35.045803,13.496182999999998,-21.526718,13
0.25878906,0.01928711,-0.019592285,50.595420000000004,14.137404,-19.305344,13
0.25646973,0.016662598,-0.0075683593999999995,58.343509999999995,12.770992,-15.053435,13
0.25250244,0.004699707,0.01171875,48.267174,13.59542,-11.603053,13
0.25,-0.008483886999999999,0.0036010741999999997,30.099237,11.442748,-17.145039,13
0.24298096,0.029052734,-0.0029907227,9.282442999999999,14.824428,-13.961832000000001,13
0.24176025,0.02709961,-0.014282227,-0.19847329,12.862596,-6.0076336999999995,13
0.25750732,0.043640137,0.005554199,-1.0076336,14.374045,0.48854962,13
0.24450684,0.04663086,0.0064697266000000005,1.2900764,13.091603,9.687023,13
0.26135254,0.03173828,-0.01574707,1.8625953999999998,11.625955000000001,13.129771,13
0.24694824,0.04675293,0.0037231445,-1.0534351,10.992367,17.748089999999998,13
0.26733398,0.059204099999999996,0.017089844,-6.7862597000000004,9.694656,16.335878,13
0.24884033,0.05407715,0.017028809,-1.5343511,7.2137402999999996,12.328244,13
0.25109863,0.054138184000000006,0.012451172,7.89313,6.3816795,15.946565,13
0.2310791,0.06024169999999999,-0.00012207030000000001,26.969465000000003,6.1984735,13.427481,13
0.24584961,0.046936035,0.010314941,44.946564,9.969465,13.496182999999998,13
0.25628662,0.046020507999999995,-0.002746582,56.51145,10.80916,20.748089999999998,13
0.2607422,0.043701172,-0.0053710938,62.007633,11.938931,23.503817,13
0.24133301,0.02178955,-0.0020751953,60.50382,12.312977,26.587785999999998,13
0.25628662,0.02532959,0.0063476562,55.587788,11.0,25.641222,13
0.25933838,0.018371582,-0.008972168,49.206109999999995,8.114504,20.053434,13
0.23120117,0.017089844,-0.012145996000000001,41.87786,5.885496,12.129771,13
0.22387695,0.00982666,0.0005493164,32.496179999999995,3.8167940000000002,6.259542,13
0.23455810000000002,0.013183594,-0.0021972656,33.14504,2.2671757,0.45038167,13
0.23461914,0.028381347999999997,0.00012207030000000001,40.839695,-1.0229008,0.29007635,13
0.23962402,0.017700195,-0.019897461,42.030533,-5.236641400000001,0.8167939000000001,13
0.24133301,0.001159668,-0.007629394499999999,36.366413,-6.526717700000001,-1.8244275,13
0.2501831,0.010437011999999999,0.008605957,24.473282,-12.0,-2.9923662999999996,13
0.24774169999999998,0.00982666,0.0036621094,6.2671757,-15.419847500000001,-5.6106873,13
0.26013184,0.012512207,0.010803223,-12.847328,-14.351145,-12.7404585,13
0.2769165,0.019165039,-0.0045166016,-21.404581,-14.366412,-14.80916,13
0.2876587,0.021240234,-0.0026855469,-12.816792999999999,-15.641221,-19.93893,13
0.25756836,0.028747559,-0.02319336,6.190840000000001,-14.961832000000001,-23.503817,13
0.25738525,0.019348145,-0.03173828,22.717558,-12.167939,-28.519083000000002,13
0.26806640000000004,0.008361816,-0.008850098,34.427483,-10.870229,-29.610687,13
0.24432373,0.010131836,-0.022399902000000003,40.091602,-12.015267,-29.709923,13
0.24060059,0.01171875,-0.015563965,39.190838,-10.824428,-27.74809,13
0.23596191,0.0064086914,-0.01965332,39.82443,-9.793892999999999,-24.022902,13
0.23522949,0.010620117,-0.024414062,37.137405,-5.7709923,-18.57252,13
0.24084473,0.016418457,-0.039123535,34.328243,-3.1603053,-8.709924,13
0.24639893,0.0099487305,-0.035705566,34.717556,-2.7099237,-4.8778625,13
0.26086426,0.012512207,-0.028137207,31.068703000000003,-3.4198472,1.4351145,13
0.27368164,0.022766112999999998,-0.043640137,25.015266,-3.4580152,1.3664121999999999,13
0.25976562,0.0052490233999999995,-0.023254395,10.503817,-4.2900763,-3.40458,13
0.26202393,0.0010986328,-0.029968262000000002,-5.9541984,-4.89313,-6.0,13
0.26605225,0.016723633,-0.038085938,-12.580152499999999,-6.816794,-4.854962,13
0.26013184,0.027160645,-0.035888672,1.7328244,-7.4351144,-5.0,13
0.25811768,-0.004699707,-0.031311035,3.8244274,-1.8473282,-6.0076336999999995,13
0.23864746,0.0010375977,-0.043640137,-3.4198472,2.8244274,-3.183206,13
0.24353027,0.0029907227,-0.04534912,-11.480916,6.0305343,-3.8473281999999998,13
0.23474121,0.0006103516000000001,-0.03955078,-15.832060999999998,7.29771,-2.572519,13
0.23736572,-0.0028686523,-0.028076172000000003,-20.167938,6.114504,-0.90076333,13
0.22833252,0.008666992,-0.047424315999999994,-33.717556,9.198473,-3.5877862,13
0.222229,0.011230469,-0.026245117000000002,-42.709922999999996,10.297709,-4.9541984,13
0.25073242,0.023742676,-0.030212402000000003,-27.931296999999997,16.091601999999998,-2.0,13
0.30584717,0.030944824,-0.031799316,-5.625954,18.496183,0.9465648999999999,13
0.27661133,0.022094727,-0.022644043,-0.045801528,12.618319999999999,1.389313,13
0.2602539,0.027832031,-0.05822754,-13.022901,7.885496000000001,-4.0,13
0.24255371,0.019042969,-0.06970215,-30.274809,4.183206,-10.908397,13
0.23101807,0.009338379,-0.059265137,-35.503820000000005,0.8396947,-15.167939000000002,13
0.22357178,0.006286621,-0.0071411133,-37.44275,0.16793893,-18.244274,13
0.22399902,0.011230469,-0.021362305,-41.328243,0.71755725,-17.656488,13
0.23596191,0.016113281,0.003540039,-49.053436,2.6183207000000004,-13.419847500000001,13
0.24005127,0.036621094,-0.006652831999999999,-44.15267,3.5496182000000003,-1.70229,13
0.24749756,0.042663574,-0.0048828125,-28.099237,5.2061067,5.557252,13
0.26330566,0.031982422,0.00024414060000000002,-15.816792999999999,6.816794,9.725191,13
0.26428223,0.030212402000000003,-0.0040893555,-25.961832,10.175572,11.969465,13
0.28289795,0.024047852,-0.0024414061999999998,-44.923664,7.862595599999999,11.702291,13
0.28668213,0.04309082,0.005737304699999999,-64.145035,12.564885,7.7709923,13
0.277771,0.034301757999999995,0.0004882813,-78.9313,16.93893,7.8244276,13
0.25042725,0.05029297,-0.0034790040000000004,-75.29771,20.297710000000002,11.793892999999999,13
0.24835205,0.062561035,0.012817383,-62.610687,24.145039,11.854961,13
0.23846436,0.06903076,0.013183594,-46.603054,25.0,22.48855,13
0.23291016,0.06719971,-0.0065307617,-28.70229,24.10687,22.687023,13
0.23480225,0.07305908,-0.004028320300000001,-15.091603,22.984734,25.755726,13
0.23413086,0.062438965,-0.013549805,-7.862595599999999,18.244274,25.564885999999998,13
0.23852539,0.06005859400000001,0.0014648438,-4.984732599999999,14.61832,20.587785999999998,13
0.2526245,0.062438965,-0.012634277,-5.2442746,11.969465,13.122137,13
0.27209473,0.055725098,-0.013366699,-11.396947,7.4503818,2.389313,13
0.2756958,0.04699707,-0.0036621094,-16.343512,0.49618322,-9.274809,13
0.27575684,0.04156494,-0.022033691,-19.396946,-3.206107,-20.755726,13
0.28253174,0.044067382999999995,-0.009460449000000001,-18.389313,-8.503817,-28.900763,13
0.25152588,0.04071045,-0.008972168,-4.9389315,-14.664123000000002,-39.366413,13
0.24664307,0.028625487999999998,-0.010559082,7.7862597000000004,-16.290077,-43.503820000000005,13
0.24401855,0.0390625,-0.013183594,17.404581,-17.923664000000002,-45.412212,13
0.23913574,0.028076172000000003,-0.005126953,26.435114000000002,-19.732824,-42.15267,13
0.25836182,0.028259277000000003,-0.0020141601999999997,31.38168,-18.221375,-32.793890000000005,13
0.24743652,0.024230957,0.01159668,29.587785999999998,-15.351145,-22.076335999999998,13
0.26330566,0.03100586,0.009033203,26.534351,-13.984732999999999,-17.679389999999998,13
0.25408936,0.03186035,0.0036621094,20.89313,-12.007633,-13.137404,13
0.25726318,0.02368164,0.005981445300000001,9.603053,-10.954199000000001,-5.89313,13
0.25512695,0.016296387,-0.0018920898,-0.27480915,-9.290076,-5.3893127,13
0.25128174,0.027770996000000003,0.010375977,-5.885496,-8.0992365,-3.870229,13
0.25958252,0.01940918,0.0005493164,-4.9389315,-5.0839696,-0.24427481,13
0.24658203,0.036804199999999995,0.0034179688000000002,-3.6183207000000004,-3.8854961,-0.26717559,13
0.24591064,0.02911377,0.014160156,-5.6412214999999994,-0.16030534,3.8931297999999996,13
0.23504639,0.024841309,0.010498047,-5.374046,2.465649,1.7709924,13
0.24310303,0.022277832,0.0072631836,-1.5343511,3.9312977999999994,6.2519083,13
0.2322998,0.030212402000000003,-0.0072021483999999995,-1.4351145,8.435115,8.030535,13
0.2454834,0.030639648,-0.005004883,-7.557252,8.78626,10.061069,13
0.23181152,0.031555176000000004,-0.017028809,-9.732824,12.145039,11.656488000000001,13
0.24456787,0.033325195,-0.014831543,-8.465649,10.885496,14.351145,13
0.24542236,0.032165527,-0.018127441,-5.4580154,10.816792999999999,12.610686999999999,13
0.22509766,0.036132812,-0.026916503999999997,-4.0839696000000005,12.160305000000001,11.824428,13
0.260437,0.045776367000000005,0.0006713867,-4.625954,10.511451,14.0992365,13
0.25274658,0.044677734000000004,-0.005554199,-3.6030532999999996,8.732824,12.358779,13
0.26049805,0.042297363,-0.036499023,-2.3969467,6.10687,14.083969,13
0.2699585,0.054748535,-0.025695799999999998,-1.7938931,4.396946400000001,11.969465,13
0.26861572,0.03881836,-0.016479492,0.14503817,1.7862595000000001,5.374046,13
0.27032470000000003,0.054016113,-0.0063476562,-1.0229008,0.519084,1.1297709999999999,13
0.25543213,0.050354004,-0.019165039,-2.9312978,-3.0076337000000004,-4.8244276,13
0.25665283,0.048706055,-0.0073242188,-0.79389316,-4.519083999999999,-14.229007999999999,13
0.25073242,0.02935791,-0.0040893555,1.5419847,-5.1603055,-17.312977,13
0.23242188,0.037841797,-0.0053710938,-1.1145038999999999,-8.572519,-21.038168,13
0.24310303,0.017700195,-0.016784668,-3.0305343,-7.335878,-22.664122,13
0.24060059,0.017822266,-0.007751465,-2.6793892,-7.656488400000001,-22.366413,13
0.25109863,0.024353027000000003,-0.01373291,-3.1450381000000003,-8.419847500000001,-22.625954,13
0.2518921,0.029663086,-0.009277344,-2.8625952999999997,-5.763358599999999,-16.854961,13
0.24261475,0.026428222999999997,-0.0003662109,-3.4274809999999998,-5.519083999999999,-12.374044999999999,13
0.25665283,0.02722168,-0.015686035,0.86259544,-4.0839696000000005,-7.206106699999999,13
0.24475098,0.014953613000000001,-0.0126953125,-0.5114504,-2.480916,-2.465649,13
0.24499512,0.0178833,-0.01751709,-1.3587786,-1.3358778999999998,4.5114503,13
0.26983643,0.020019531,-0.009094238000000001,-2.8091602000000004,-1.9541985,11.503817,13
0.26611328,0.027282715,-0.02178955,-7.2137402999999996,-1.610687,13.61832,13
